Kt
0.600000,0.981129,60.876535
0.601000,0.981118,60.809927
0.602000,0.981108,60.743471
0.603000,0.981195,60.356810
0.604000,0.981185,60.290924
0.605000,0.981174,60.225188
0.606000,0.981164,60.159602
0.607000,0.981153,60.094164
0.608000,0.981143,60.028875
0.609000,0.981133,59.963734
0.610000,0.981122,59.898740
0.611000,0.981112,59.833893
0.612000,0.981201,59.451199
0.613000,0.981190,59.386903
0.614000,0.981180,59.322751
0.615000,0.981170,59.258743
0.616000,0.981160,59.194878
0.617000,0.981150,59.131156
0.618000,0.981140,59.067575
0.619000,0.981126,59.016784
0.620000,0.981215,58.637541
0.621000,0.981205,58.574627
0.622000,0.981195,58.511853
0.623000,0.981186,58.449217
0.624000,0.981176,58.386720
0.625000,0.981162,58.336946
0.626000,0.981152,58.274713
0.627000,0.981142,58.212616
0.628000,0.981132,58.150656
0.629000,0.981223,57.775164
0.630000,0.981209,57.726259
0.631000,0.981199,57.664942
0.632000,0.981190,57.603757
0.633000,0.981180,57.542706
0.634000,0.981167,57.494284
0.635000,0.981157,57.433486
0.636000,0.981147,57.372820
0.637000,0.981138,57.312285
0.638000,0.981225,56.952891
0.639000,0.981216,56.892850
0.640000,0.981206,56.832937
0.641000,0.981193,56.785581
0.642000,0.981183,56.725915
0.643000,0.981174,56.666376
0.644000,0.981161,56.619363
0.645000,0.981151,56.560067
0.646000,0.981142,56.500898
0.647000,0.981129,56.454224
0.648000,0.981221,56.086261
0.649000,0.981212,56.027694
0.650000,0.981199,55.981593
0.651000,0.981189,55.923263
0.652000,0.981176,55.877379
0.653000,0.981167,55.819285
0.654000,0.981158,55.761312
0.655000,0.981145,55.715755
0.656000,0.981136,55.658014
0.657000,0.981225,55.305760
0.658000,0.981216,55.248483
0.659000,0.981203,55.203583
0.660000,0.981194,55.146535
0.661000,0.981181,55.101843
0.662000,0.981172,55.045021
0.663000,0.981159,55.000537
0.664000,0.981151,54.943939
0.665000,0.981138,54.899660
0.666000,0.981129,54.843285
0.667000,0.981219,54.494610
0.668000,0.981210,54.438684
0.669000,0.981197,54.395039
0.670000,0.981189,54.339333
0.671000,0.981176,54.295887
0.672000,0.981167,54.240398
0.673000,0.981155,54.197151
0.674000,0.981142,54.153998
0.675000,0.981133,54.098827
0.676000,0.981121,54.055871
0.677000,0.981216,53.698570
0.678000,0.981203,53.656031
0.679000,0.981191,53.613584
0.680000,0.981182,53.559161
0.681000,0.981170,53.516905
0.682000,0.981161,53.462691
0.683000,0.981149,53.420626
0.684000,0.981136,53.378650
0.685000,0.981128,53.324742
0.686000,0.981115,53.282955
0.687000,0.981103,53.241257
0.688000,0.981199,52.887735
0.689000,0.981187,52.846440
0.690000,0.981174,52.805234
0.691000,0.981166,52.752144
0.692000,0.981154,52.711120
0.693000,0.981142,52.670183
0.694000,0.981129,52.629333
0.695000,0.981121,52.576633
0.696000,0.981109,52.535963
0.697000,0.981097,52.495378
0.698000,0.981089,52.442969
0.699000,0.981182,52.105016
rel
1.700000,0.981913,62.807903
1.701000,0.981909,62.744407
1.702000,0.981905,62.681026
1.703000,0.981902,62.617761
1.704000,0.981898,62.554610
1.705000,0.981894,62.491574
1.706000,0.981891,62.428651
1.707000,0.981887,62.365843
1.708000,0.981883,62.303148
1.709000,0.981879,62.240567
1.710000,0.981876,62.178098
1.711000,0.981872,62.115742
1.712000,0.981868,62.053499
1.713000,0.981865,61.991367
1.714000,0.981861,61.929347
1.715000,0.981857,61.867439
1.716000,0.981853,61.805642
1.717000,0.981850,61.743956
1.718000,0.981846,61.682381
1.719000,0.981842,61.620916
1.720000,0.981838,61.559561
1.721000,0.981835,61.498315
1.722000,0.981831,61.437180
1.723000,0.981827,61.376153
1.724000,0.981824,61.315235
1.725000,0.981820,61.254426
1.726000,0.981816,61.193726
1.727000,0.981812,61.133133
1.728000,0.981809,61.072649
1.729000,0.981805,61.012272
1.730000,0.981801,60.952002
1.731000,0.981798,60.891839
1.732000,0.981794,60.831783
1.733000,0.981790,60.771833
1.734000,0.981786,60.711990
1.735000,0.981783,60.652252
1.736000,0.981779,60.592620
1.737000,0.981775,60.533093
1.738000,0.981772,60.473672
1.739000,0.981768,60.414355
1.740000,0.981764,60.355143
1.741000,0.981760,60.296035
1.742000,0.981757,60.237032
1.743000,0.981753,60.178132
1.744000,0.981749,60.119335
1.745000,0.981746,60.060642
1.746000,0.981742,60.002051
1.747000,0.981738,59.943564
1.748000,0.981734,59.885179
1.749000,0.981731,59.826896
1.750000,0.981727,59.768715
1.751000,0.981723,59.710636
1.752000,0.981719,59.652658
1.753000,0.981716,59.594781
1.754000,0.981712,59.537005
1.755000,0.981708,59.479330
1.756000,0.981705,59.421756
1.757000,0.981701,59.364281
1.758000,0.981697,59.306907
1.759000,0.981693,59.249632
1.760000,0.981690,59.192456
1.761000,0.981686,59.135380
1.762000,0.981682,59.078403
1.763000,0.981679,59.021524
1.764000,0.981675,58.964744
1.765000,0.981671,58.908062
1.766000,0.981667,58.851477
1.767000,0.981664,58.794991
1.768000,0.981660,58.738602
1.769000,0.981656,58.682310
1.770000,0.981653,58.626115
1.771000,0.981649,58.570017
1.772000,0.981645,58.514016
1.773000,0.981641,58.458110
1.774000,0.981638,58.402301
1.775000,0.981634,58.346587
1.776000,0.981630,58.290969
1.777000,0.981627,58.235446
1.778000,0.981623,58.180019
1.779000,0.981619,58.124686
1.780000,0.981615,58.069448
1.781000,0.981612,58.014304
1.782000,0.981608,57.959254
1.783000,0.981604,57.904298
1.784000,0.981601,57.849436
1.785000,0.981597,57.794667
1.786000,0.981593,57.739991
1.787000,0.981589,57.685409
1.788000,0.981586,57.630919
1.789000,0.981582,57.576522
1.790000,0.981578,57.522217
1.791000,0.981574,57.468004
1.792000,0.981571,57.413883
1.793000,0.981567,57.359853
1.794000,0.981563,57.305915
1.795000,0.981560,57.252068
1.796000,0.981556,57.198313
1.797000,0.981552,57.144647
1.798000,0.981548,57.091073
1.799000,0.981545,57.037588
1.800000,0.981541,56.984194
1.801000,0.981537,56.930890
1.802000,0.981534,56.877675
1.803000,0.981530,56.824550
1.804000,0.981526,56.771514
1.805000,0.981522,56.718567
1.806000,0.981519,56.665708
1.807000,0.981515,56.612938
1.808000,0.981511,56.560257
1.809000,0.981508,56.507664
1.810000,0.981504,56.455158
1.811000,0.981500,56.402741
1.812000,0.981496,56.350411
1.813000,0.981493,56.298168
1.814000,0.981489,56.246012
1.815000,0.981485,56.193943
1.816000,0.981482,56.141961
1.817000,0.981478,56.090065
1.818000,0.981474,56.038256
1.819000,0.981470,55.986532
1.820000,0.981467,55.934894
1.821000,0.981463,55.883342
1.822000,0.981459,55.831876
1.823000,0.981456,55.780495
1.824000,0.981452,55.729198
1.825000,0.981448,55.677987
1.826000,0.981444,55.626860
1.827000,0.981441,55.575817
1.828000,0.981437,55.524859
1.829000,0.981433,55.473985
1.830000,0.981430,55.423195
1.831000,0.981426,55.372488
1.832000,0.981422,55.321864
1.833000,0.981418,55.271324
1.834000,0.981415,55.220867
1.835000,0.981411,55.170493
1.836000,0.981407,55.120201
1.837000,0.981404,55.069992
1.838000,0.981400,55.019865
1.839000,0.981396,54.969820
1.840000,0.981392,54.919857
1.841000,0.981389,54.869976
1.842000,0.981385,54.820176
1.843000,0.981381,54.770457
1.844000,0.981378,54.720820
1.845000,0.981374,54.671263
1.846000,0.981370,54.621787
1.847000,0.981366,54.572392
1.848000,0.981363,54.523077
1.849000,0.981359,54.473842
1.850000,0.981355,54.424687
1.851000,0.981352,54.375612
1.852000,0.981348,54.326616
1.853000,0.981344,54.277700
1.854000,0.981340,54.228863
1.855000,0.981337,54.180105
1.856000,0.981333,54.131426
1.857000,0.981329,54.082826
1.858000,0.981326,54.034304
1.859000,0.981322,53.985860
1.860000,0.981318,53.937494
1.861000,0.981314,53.889207
1.862000,0.981311,53.840997
1.863000,0.981307,53.792865
1.864000,0.981303,53.744810
1.865000,0.981300,53.696832
1.866000,0.981296,53.648932
1.867000,0.981292,53.601108
1.868000,0.981288,53.553361
1.869000,0.981285,53.505690
1.870000,0.981281,53.458096
1.871000,0.981277,53.410578
1.872000,0.981274,53.363136
1.873000,0.981270,53.315769
1.874000,0.981266,53.268479
1.875000,0.981262,53.221263
1.876000,0.981259,53.174123
1.877000,0.981255,53.127059
1.878000,0.981251,53.080069
1.879000,0.981248,53.033153
1.880000,0.981244,52.986313
1.881000,0.981240,52.939547
1.882000,0.981236,52.892855
1.883000,0.981233,52.846237
1.884000,0.981229,52.799693
1.885000,0.981225,52.753223
1.886000,0.981222,52.706827
1.887000,0.981218,52.660503
1.888000,0.981214,52.614253
1.889000,0.981210,52.568077
1.890000,0.981207,52.521973
1.891000,0.981203,52.475942
1.892000,0.981199,52.429983
1.893000,0.981196,52.384097
1.894000,0.981192,52.338283
1.895000,0.981188,52.292541
1.896000,0.981184,52.246871
1.897000,0.981181,52.201273
1.898000,0.981177,52.155746
1.899000,0.981173,52.110291
1.900000,0.981170,52.064908
1.901000,0.981166,52.019595
1.902000,0.981162,51.974353
1.903000,0.981158,51.929182
1.904000,0.981155,51.884082
1.905000,0.981151,51.839052
1.906000,0.981147,51.794092
1.907000,0.981144,51.749203
1.908000,0.981140,51.704384
1.909000,0.981136,51.659634
1.910000,0.981132,51.614954
1.911000,0.981129,51.570344
1.912000,0.981125,51.525803
1.913000,0.981121,51.481332
1.914000,0.981118,51.436929
1.915000,0.981114,51.392595
1.916000,0.981110,51.348330
1.917000,0.981106,51.304134
1.918000,0.981103,51.260006
1.919000,0.981099,51.215947
1.920000,0.981095,51.171955
1.921000,0.981092,51.128032
1.922000,0.981088,51.084176
1.923000,0.981084,51.040388
1.924000,0.981080,50.996668
1.925000,0.981077,50.953015
1.926000,0.981073,50.909429
1.927000,0.981069,50.865911
1.928000,0.981066,50.822459
1.929000,0.981062,50.779074
1.930000,0.981058,50.735756
1.931000,0.981054,50.692505
1.932000,0.981051,50.649319
1.933000,0.981047,50.606200
1.934000,0.981043,50.563147
1.935000,0.981040,50.520160
1.936000,0.981036,50.477239
1.937000,0.981032,50.434383
1.938000,0.981028,50.391593
1.939000,0.981025,50.348868
1.940000,0.981021,50.306208
1.941000,0.981017,50.263614
1.942000,0.981014,50.221084
1.943000,0.981010,50.178619
1.944000,0.981006,50.136219
1.945000,0.981002,50.093883
1.946000,0.980999,50.051612
1.947000,0.980995,50.009405
1.948000,0.980991,49.967261
1.949000,0.980988,49.925182
1.950000,0.980984,49.883167
1.951000,0.980980,49.841215
1.952000,0.980976,49.799327
1.953000,0.980973,49.757502
1.954000,0.980969,49.715740
1.955000,0.980965,49.674042
1.956000,0.980962,49.632406
1.957000,0.980958,49.590833
1.958000,0.980954,49.549323
1.959000,0.980950,49.507876
1.960000,0.980947,49.466491
1.961000,0.980943,49.425168
1.962000,0.980939,49.383907
1.963000,0.980936,49.342708
1.964000,0.980932,49.301572
1.965000,0.980928,49.260497
1.966000,0.980924,49.219483
1.967000,0.980921,49.178531
1.968000,0.980917,49.137641
1.969000,0.980913,49.096811
1.970000,0.980910,49.056043
1.971000,0.980906,49.015336
1.972000,0.980902,48.974689
1.973000,0.980898,48.934103
1.974000,0.980895,48.893578
1.975000,0.980891,48.853113
1.976000,0.980887,48.812709
1.977000,0.980884,48.772364
1.978000,0.980880,48.732080
1.979000,0.980876,48.691855
1.980000,0.980872,48.651691
1.981000,0.980869,48.611586
1.982000,0.980865,48.571540
1.983000,0.980861,48.531554
1.984000,0.980858,48.491628
1.985000,0.980854,48.451760
1.986000,0.980850,48.411951
1.987000,0.980847,48.372202
1.988000,0.980843,48.332511
1.989000,0.980839,48.292879
1.990000,0.980835,48.253305
1.991000,0.980832,48.213790
1.992000,0.980828,48.174333
1.993000,0.980824,48.134934
1.994000,0.980821,48.095593
1.995000,0.980817,48.056310
1.996000,0.980813,48.017085
1.997000,0.980809,47.977917
1.998000,0.980806,47.938807
1.999000,0.980802,47.899755
2.000000,0.980798,47.860759
ratio
2.500000,0.981542,57.262839
2.501000,0.981541,57.251174
2.502000,0.981540,57.239514
2.503000,0.981539,57.227859
2.504000,0.981539,57.216211
2.505000,0.981538,57.204568
2.506000,0.981537,57.192930
2.507000,0.981536,57.181299
2.508000,0.981536,57.169673
2.509000,0.981535,57.158053
2.510000,0.981534,57.146438
2.511000,0.981533,57.134829
2.512000,0.981533,57.123226
2.513000,0.981532,57.111628
2.514000,0.981531,57.100037
2.515000,0.981530,57.088450
2.516000,0.981530,57.076870
2.517000,0.981529,57.065295
2.518000,0.981528,57.053726
2.519000,0.981527,57.042162
2.520000,0.981527,57.030604
2.521000,0.981526,57.019052
2.522000,0.981525,57.007505
2.523000,0.981524,56.995964
2.524000,0.981524,56.984428
2.525000,0.981523,56.972898
2.526000,0.981522,56.961374
2.527000,0.981521,56.949855
2.528000,0.981521,56.938342
2.529000,0.981520,56.926835
2.530000,0.981519,56.915333
2.531000,0.981519,56.903837
2.532000,0.981518,56.892346
2.533000,0.981517,56.880861
2.534000,0.981516,56.869381
2.535000,0.981516,56.857907
2.536000,0.981515,56.846439
2.537000,0.981514,56.834976
2.538000,0.981513,56.823519
2.539000,0.981513,56.812067
2.540000,0.981512,56.800621
2.541000,0.981511,56.789180
2.542000,0.981510,56.777745
2.543000,0.981510,56.766316
2.544000,0.981509,56.754892
2.545000,0.981508,56.743473
2.546000,0.981507,56.732060
2.547000,0.981507,56.720653
2.548000,0.981506,56.709251
2.549000,0.981505,56.697855
2.550000,0.981504,56.686464
2.551000,0.981504,56.675079
2.552000,0.981503,56.663699
2.553000,0.981502,56.652324
2.554000,0.981501,56.640956
2.555000,0.981501,56.629592
2.556000,0.981500,56.618234
2.557000,0.981499,56.606882
2.558000,0.981498,56.595535
2.559000,0.981498,56.584194
2.560000,0.981497,56.572858
2.561000,0.981496,56.561527
2.562000,0.981495,56.550202
2.563000,0.981495,56.538883
2.564000,0.981494,56.527569
2.565000,0.981493,56.516260
2.566000,0.981492,56.504957
2.567000,0.981492,56.493659
2.568000,0.981491,56.482367
2.569000,0.981490,56.471080
2.570000,0.981489,56.459799
2.571000,0.981489,56.448523
2.572000,0.981488,56.437252
2.573000,0.981487,56.425987
2.574000,0.981487,56.414727
2.575000,0.981486,56.403473
2.576000,0.981485,56.392224
2.577000,0.981484,56.380981
2.578000,0.981484,56.369743
2.579000,0.981483,56.358510
2.580000,0.981482,56.347283
2.581000,0.981481,56.336061
2.582000,0.981481,56.324844
2.583000,0.981480,56.313633
2.584000,0.981479,56.302428
2.585000,0.981478,56.291227
2.586000,0.981478,56.280032
2.587000,0.981477,56.268843
2.588000,0.981476,56.257658
2.589000,0.981475,56.246479
2.590000,0.981475,56.235306
2.591000,0.981474,56.224138
2.592000,0.981473,56.212975
2.593000,0.981472,56.201817
2.594000,0.981472,56.190665
2.595000,0.981471,56.179518
2.596000,0.981470,56.168377
2.597000,0.981469,56.157241
2.598000,0.981469,56.146110
2.599000,0.981468,56.134985
2.600000,0.981467,56.123864
2.601000,0.981466,56.112749
2.602000,0.981466,56.101640
2.603000,0.981465,56.090536
2.604000,0.981464,56.079437
2.605000,0.981463,56.068343
2.606000,0.981463,56.057255
2.607000,0.981462,56.046172
2.608000,0.981461,56.035094
2.609000,0.981460,56.024021
2.610000,0.981460,56.012954
2.611000,0.981459,56.001892
2.612000,0.981458,55.990836
2.613000,0.981457,55.979784
2.614000,0.981457,55.968738
2.615000,0.981456,55.957697
2.616000,0.981455,55.946662
2.617000,0.981455,55.935631
2.618000,0.981454,55.924606
2.619000,0.981453,55.913586
2.620000,0.981452,55.902572
2.621000,0.981452,55.891562
2.622000,0.981451,55.880558
2.623000,0.981450,55.869559
2.624000,0.981449,55.858566
2.625000,0.981449,55.847577
2.626000,0.981448,55.836594
2.627000,0.981447,55.825616
2.628000,0.981446,55.814643
2.629000,0.981446,55.803675
2.630000,0.981445,55.792713
2.631000,0.981444,55.781756
2.632000,0.981443,55.770804
2.633000,0.981443,55.759857
2.634000,0.981442,55.748915
2.635000,0.981441,55.737979
2.636000,0.981440,55.727048
2.637000,0.981440,55.716122
2.638000,0.981439,55.705201
2.639000,0.981438,55.694285
2.640000,0.981437,55.683375
2.641000,0.981437,55.672469
2.642000,0.981436,55.661569
2.643000,0.981435,55.650674
2.644000,0.981434,55.639784
2.645000,0.981434,55.628899
2.646000,0.981433,55.618020
2.647000,0.981432,55.607145
2.648000,0.981431,55.596276
2.649000,0.981431,55.585412
2.650000,0.981430,55.574553
2.651000,0.981429,55.563699
2.652000,0.981428,55.552850
2.653000,0.981428,55.542006
2.654000,0.981427,55.531168
2.655000,0.981426,55.520334
2.656000,0.981425,55.509506
2.657000,0.981425,55.498683
2.658000,0.981424,55.487865
2.659000,0.981423,55.477051
2.660000,0.981423,55.466244
2.661000,0.981422,55.455441
2.662000,0.981421,55.444643
2.663000,0.981420,55.433850
2.664000,0.981420,55.423063
2.665000,0.981419,55.412280
2.666000,0.981418,55.401503
2.667000,0.981417,55.390730
2.668000,0.981417,55.379963
2.669000,0.981416,55.369201
2.670000,0.981415,55.358444
2.671000,0.981414,55.347692
2.672000,0.981414,55.336944
2.673000,0.981413,55.326202
2.674000,0.981412,55.315465
2.675000,0.981411,55.304734
2.676000,0.981411,55.294007
2.677000,0.981410,55.283285
2.678000,0.981409,55.272568
2.679000,0.981408,55.261856
2.680000,0.981408,55.251149
2.681000,0.981407,55.240448
2.682000,0.981406,55.229751
2.683000,0.981405,55.219059
2.684000,0.981405,55.208372
2.685000,0.981404,55.197691
2.686000,0.981403,55.187014
2.687000,0.981402,55.176342
2.688000,0.981402,55.165676
2.689000,0.981401,55.155014
2.690000,0.981400,55.144357
2.691000,0.981399,55.133705
2.692000,0.981399,55.123059
2.693000,0.981398,55.112417
2.694000,0.981397,55.101780
2.695000,0.981396,55.091148
2.696000,0.981396,55.080521
2.697000,0.981395,55.069900
2.698000,0.981394,55.059283
2.699000,0.981393,55.048671
2.700000,0.981393,55.038064
2.701000,0.981392,55.027462
2.702000,0.981391,55.016864
2.703000,0.981391,55.006272
2.704000,0.981390,54.995685
2.705000,0.981389,54.985103
2.706000,0.981388,54.974525
2.707000,0.981388,54.963953
2.708000,0.981387,54.953385
2.709000,0.981386,54.942823
2.710000,0.981385,54.932265
2.711000,0.981385,54.921712
2.712000,0.981384,54.911165
2.713000,0.981383,54.900622
2.714000,0.981382,54.890084
2.715000,0.981382,54.879550
2.716000,0.981381,54.869022
2.717000,0.981380,54.858499
2.718000,0.981379,54.847980
2.719000,0.981379,54.837467
2.720000,0.981378,54.826958
2.721000,0.981377,54.816454
2.722000,0.981376,54.805956
2.723000,0.981376,54.795462
2.724000,0.981375,54.784972
2.725000,0.981374,54.774488
2.726000,0.981373,54.764009
2.727000,0.981373,54.753534
2.728000,0.981372,54.743064
2.729000,0.981371,54.732600
2.730000,0.981370,54.722140
2.731000,0.981370,54.711684
2.732000,0.981369,54.701234
2.733000,0.981368,54.690789
2.734000,0.981367,54.680348
2.735000,0.981367,54.669912
2.736000,0.981366,54.659481
2.737000,0.981365,54.649055
2.738000,0.981364,54.638634
2.739000,0.981364,54.628217
2.740000,0.981363,54.617806
2.741000,0.981362,54.607399
2.742000,0.981361,54.596997
2.743000,0.981361,54.586600
2.744000,0.981360,54.576207
2.745000,0.981359,54.565820
2.746000,0.981359,54.555437
2.747000,0.981358,54.545059
2.748000,0.981357,54.534686
2.749000,0.981356,54.524317
2.750000,0.981356,54.513953
2.751000,0.981355,54.503595
2.752000,0.981354,54.493240
2.753000,0.981353,54.482891
2.754000,0.981353,54.472547
2.755000,0.981352,54.462207
2.756000,0.981351,54.451872
2.757000,0.981350,54.441541
2.758000,0.981350,54.431216
2.759000,0.981349,54.420895
2.760000,0.981348,54.410579
2.761000,0.981347,54.400268
2.762000,0.981347,54.389961
2.763000,0.981346,54.379660
2.764000,0.981345,54.369363
2.765000,0.981344,54.359070
2.766000,0.981344,54.348783
2.767000,0.981343,54.338500
2.768000,0.981342,54.328222
2.769000,0.981341,54.317949
2.770000,0.981341,54.307680
2.771000,0.981340,54.297416
2.772000,0.981339,54.287157
2.773000,0.981338,54.276902
2.774000,0.981338,54.266652
2.775000,0.981337,54.256407
2.776000,0.981336,54.246167
2.777000,0.981335,54.235931
2.778000,0.981335,54.225700
2.779000,0.981334,54.215474
2.780000,0.981333,54.205252
2.781000,0.981332,54.195035
2.782000,0.981332,54.184823
2.783000,0.981331,54.174615
2.784000,0.981330,54.164412
2.785000,0.981329,54.154214
2.786000,0.981329,54.144021
2.787000,0.981328,54.133832
2.788000,0.981327,54.123647
2.789000,0.981327,54.113468
2.790000,0.981326,54.103293
2.791000,0.981325,54.093122
2.792000,0.981324,54.082957
2.793000,0.981324,54.072796
2.794000,0.981323,54.062639
2.795000,0.981322,54.052488
2.796000,0.981321,54.042341
2.797000,0.981321,54.032198
2.798000,0.981320,54.022060
2.799000,0.981319,54.011927
2.800000,0.981318,54.001799
2.801000,0.981318,53.991675
2.802000,0.981317,53.981555
2.803000,0.981316,53.971440
2.804000,0.981315,53.961330
2.805000,0.981315,53.951225
2.806000,0.981314,53.941124
2.807000,0.981313,53.931028
2.808000,0.981312,53.920936
2.809000,0.981312,53.910849
2.810000,0.981311,53.900766
2.811000,0.981310,53.890688
2.812000,0.981309,53.880615
2.813000,0.981309,53.870546
2.814000,0.981308,53.860482
2.815000,0.981307,53.850422
2.816000,0.981306,53.840367
2.817000,0.981306,53.830317
2.818000,0.981305,53.820271
2.819000,0.981304,53.810230
2.820000,0.981303,53.800193
2.821000,0.981303,53.790161
2.822000,0.981302,53.780133
2.823000,0.981301,53.770110
2.824000,0.981300,53.760091
2.825000,0.981300,53.750077
2.826000,0.981299,53.740068
2.827000,0.981298,53.730063
2.828000,0.981297,53.720062
2.829000,0.981297,53.710066
2.830000,0.981296,53.700075
2.831000,0.981295,53.690088
2.832000,0.981295,53.680106
2.833000,0.981294,53.670128
2.834000,0.981293,53.660155
2.835000,0.981292,53.650186
2.836000,0.981292,53.640222
2.837000,0.981291,53.630262
2.838000,0.981290,53.620307
2.839000,0.981289,53.610356
2.840000,0.981289,53.600410
2.841000,0.981288,53.590468
2.842000,0.981287,53.580531
2.843000,0.981286,53.570598
2.844000,0.981286,53.560670
2.845000,0.981285,53.550746
2.846000,0.981284,53.540827
2.847000,0.981283,53.530912
2.848000,0.981283,53.521002
2.849000,0.981282,53.511096
2.850000,0.981281,53.501194
2.851000,0.981280,53.491298
2.852000,0.981280,53.481405
2.853000,0.981279,53.471517
2.854000,0.981278,53.461633
2.855000,0.981277,53.451754
2.856000,0.981277,53.441880
2.857000,0.981276,53.432009
2.858000,0.981275,53.422144
2.859000,0.981274,53.412282
2.860000,0.981274,53.402425
2.861000,0.981273,53.392573
2.862000,0.981272,53.382725
2.863000,0.981271,53.372881
2.864000,0.981271,53.363042
2.865000,0.981270,53.353207
2.866000,0.981269,53.343377
2.867000,0.981268,53.333551
2.868000,0.981268,53.323730
2.869000,0.981267,53.313913
2.870000,0.981266,53.304100
2.871000,0.981265,53.294292
2.872000,0.981265,53.284488
2.873000,0.981264,53.274688
2.874000,0.981263,53.264893
2.875000,0.981263,53.255103
2.876000,0.981262,53.245316
2.877000,0.981261,53.235534
2.878000,0.981260,53.225757
2.879000,0.981260,53.215984
2.880000,0.981259,53.206215
2.881000,0.981258,53.196451
2.882000,0.981257,53.186691
2.883000,0.981257,53.176935
2.884000,0.981256,53.167184
2.885000,0.981255,53.157437
2.886000,0.981254,53.147694
2.887000,0.981254,53.137956
2.888000,0.981253,53.128222
2.889000,0.981252,53.118493
2.890000,0.981251,53.108768
2.891000,0.981251,53.099047
2.892000,0.981250,53.089330
2.893000,0.981249,53.079618
2.894000,0.981248,53.069910
2.895000,0.981248,53.060207
2.896000,0.981247,53.050508
2.897000,0.981246,53.040813
2.898000,0.981245,53.031123
2.899000,0.981245,53.021437
2.900000,0.981244,53.011755
2.901000,0.981243,53.002077
2.902000,0.981242,52.992404
2.903000,0.981242,52.982735
2.904000,0.981241,52.973071
2.905000,0.981240,52.963411
2.906000,0.981239,52.953755
2.907000,0.981239,52.944103
2.908000,0.981238,52.934456
2.909000,0.981237,52.924813
2.910000,0.981236,52.915174
2.911000,0.981236,52.905539
2.912000,0.981235,52.895909
2.913000,0.981234,52.886283
2.914000,0.981233,52.876662
2.915000,0.981233,52.867044
2.916000,0.981232,52.857431
2.917000,0.981231,52.847823
2.918000,0.981231,52.838218
2.919000,0.981230,52.828618
2.920000,0.981229,52.819022
2.921000,0.981228,52.809430
2.922000,0.981228,52.799843
2.923000,0.981227,52.790259
2.924000,0.981226,52.780680
2.925000,0.981225,52.771106
2.926000,0.981225,52.761535
2.927000,0.981224,52.751969
2.928000,0.981223,52.742407
2.929000,0.981222,52.732849
2.930000,0.981222,52.723296
2.931000,0.981221,52.713746
2.932000,0.981220,52.704201
2.933000,0.981219,52.694660
2.934000,0.981219,52.685124
2.935000,0.981218,52.675591
2.936000,0.981217,52.666063
2.937000,0.981216,52.656539
2.938000,0.981216,52.647020
2.939000,0.981215,52.637504
2.940000,0.981214,52.627993
2.941000,0.981213,52.618486
2.942000,0.981213,52.608983
2.943000,0.981212,52.599484
2.944000,0.981211,52.589989
2.945000,0.981210,52.580499
2.946000,0.981210,52.571013
2.947000,0.981209,52.561531
2.948000,0.981208,52.552053
2.949000,0.981207,52.542580
2.950000,0.981207,52.533110
2.951000,0.981206,52.523645
2.952000,0.981205,52.514184
2.953000,0.981204,52.504727
2.954000,0.981204,52.495274
2.955000,0.981203,52.485826
2.956000,0.981202,52.476381
2.957000,0.981202,52.466941
2.958000,0.981201,52.457505
2.959000,0.981200,52.448073
2.960000,0.981199,52.438645
2.961000,0.981199,52.429222
2.962000,0.981198,52.419802
2.963000,0.981197,52.410387
2.964000,0.981196,52.400976
2.965000,0.981196,52.391569
2.966000,0.981195,52.382166
2.967000,0.981194,52.372767
2.968000,0.981193,52.363372
2.969000,0.981193,52.353982
2.970000,0.981192,52.344595
2.971000,0.981191,52.335213
2.972000,0.981190,52.325835
2.973000,0.981190,52.316461
2.974000,0.981189,52.307091
2.975000,0.981188,52.297725
2.976000,0.981187,52.288363
2.977000,0.981187,52.279006
2.978000,0.981186,52.269652
2.979000,0.981185,52.260303
2.980000,0.981184,52.250958
2.981000,0.981184,52.241616
2.982000,0.981183,52.232279
2.983000,0.981182,52.222946
2.984000,0.981181,52.213617
2.985000,0.981181,52.204292
2.986000,0.981180,52.194972
2.987000,0.981179,52.185655
2.988000,0.981178,52.176342
2.989000,0.981178,52.167034
2.990000,0.981177,52.157729
2.991000,0.981176,52.148429
2.992000,0.981175,52.139132
2.993000,0.981175,52.129840
2.994000,0.981174,52.120552
2.995000,0.981173,52.111268
2.996000,0.981172,52.101988
2.997000,0.981172,52.092711
2.998000,0.981171,52.083439
2.999000,0.981170,52.074171
3.000000,0.981170,52.064908
3.001000,0.981169,52.055648
3.002000,0.981168,52.046392
3.003000,0.981167,52.037140
3.004000,0.981167,52.027892
3.005000,0.981166,52.018648
3.006000,0.981165,52.009409
3.007000,0.981164,52.000173
3.008000,0.981164,51.990941
3.009000,0.981163,51.981714
3.010000,0.981162,51.972490
3.011000,0.981161,51.963270
3.012000,0.981161,51.954055
3.013000,0.981160,51.944843
3.014000,0.981159,51.935636
3.015000,0.981158,51.926432
3.016000,0.981158,51.917232
3.017000,0.981157,51.908037
3.018000,0.981156,51.898845
3.019000,0.981155,51.889658
3.020000,0.981155,51.880474
3.021000,0.981154,51.871294
3.022000,0.981153,51.862119
3.023000,0.981152,51.852947
3.024000,0.981152,51.843779
3.025000,0.981151,51.834616
3.026000,0.981150,51.825456
3.027000,0.981149,51.816300
3.028000,0.981149,51.807148
3.029000,0.981148,51.798001
3.030000,0.981147,51.788857
3.031000,0.981146,51.779717
3.032000,0.981146,51.770581
3.033000,0.981145,51.761449
3.034000,0.981144,51.752321
3.035000,0.981143,51.743197
3.036000,0.981143,51.734077
3.037000,0.981142,51.724961
3.038000,0.981141,51.715848
3.039000,0.981141,51.706740
3.040000,0.981140,51.697636
3.041000,0.981139,51.688535
3.042000,0.981138,51.679439
3.043000,0.981138,51.670346
3.044000,0.981137,51.661258
3.045000,0.981136,51.652173
3.046000,0.981135,51.643092
3.047000,0.981135,51.634016
3.048000,0.981134,51.624943
3.049000,0.981133,51.615874
3.050000,0.981132,51.606809
3.051000,0.981132,51.597747
3.052000,0.981131,51.588690
3.053000,0.981130,51.579637
3.054000,0.981129,51.570587
3.055000,0.981129,51.561542
3.056000,0.981128,51.552500
3.057000,0.981127,51.543462
3.058000,0.981126,51.534429
3.059000,0.981126,51.525399
3.060000,0.981125,51.516373
3.061000,0.981124,51.507350
3.062000,0.981123,51.498332
3.063000,0.981123,51.489318
3.064000,0.981122,51.480307
3.065000,0.981121,51.471300
3.066000,0.981120,51.462298
3.067000,0.981120,51.453299
3.068000,0.981119,51.444304
3.069000,0.981118,51.435312
3.070000,0.981117,51.426325
3.071000,0.981117,51.417342
3.072000,0.981116,51.408362
3.073000,0.981115,51.399386
3.074000,0.981114,51.390414
3.075000,0.981114,51.381446
3.076000,0.981113,51.372482
3.077000,0.981112,51.363522
3.078000,0.981111,51.354565
3.079000,0.981111,51.345613
3.080000,0.981110,51.336664
3.081000,0.981109,51.327719
3.082000,0.981109,51.318778
3.083000,0.981108,51.309840
3.084000,0.981107,51.300907
3.085000,0.981106,51.291977
3.086000,0.981106,51.283051
3.087000,0.981105,51.274129
3.088000,0.981104,51.265211
3.089000,0.981103,51.256297
3.090000,0.981103,51.247386
3.091000,0.981102,51.238480
3.092000,0.981101,51.229577
3.093000,0.981100,51.220677
3.094000,0.981100,51.211782
3.095000,0.981099,51.202891
3.096000,0.981098,51.194003
3.097000,0.981097,51.185119
3.098000,0.981097,51.176239
3.099000,0.981096,51.167362
3.100000,0.981095,51.158490
3.101000,0.981094,51.149621
3.102000,0.981094,51.140756
3.103000,0.981093,51.131895
3.104000,0.981092,51.123038
3.105000,0.981091,51.114184
3.106000,0.981091,51.105334
3.107000,0.981090,51.096488
3.108000,0.981089,51.087646
3.109000,0.981088,51.078807
3.110000,0.981088,51.069972
3.111000,0.981087,51.061141
3.112000,0.981086,51.052314
3.113000,0.981085,51.043491
3.114000,0.981085,51.034671
3.115000,0.981084,51.025855
3.116000,0.981083,51.017043
3.117000,0.981082,51.008234
3.118000,0.981082,50.999429
3.119000,0.981081,50.990628
3.120000,0.981080,50.981831
3.121000,0.981080,50.973038
3.122000,0.981079,50.964248
3.123000,0.981078,50.955462
3.124000,0.981077,50.946679
3.125000,0.981077,50.937901
3.126000,0.981076,50.929126
3.127000,0.981075,50.920355
3.128000,0.981074,50.911587
3.129000,0.981074,50.902824
3.130000,0.981073,50.894064
3.131000,0.981072,50.885308
3.132000,0.981071,50.876555
3.133000,0.981071,50.867806
3.134000,0.981070,50.859061
3.135000,0.981069,50.850320
3.136000,0.981068,50.841582
3.137000,0.981068,50.832848
3.138000,0.981067,50.824118
3.139000,0.981066,50.815391
3.140000,0.981065,50.806668
3.141000,0.981065,50.797949
3.142000,0.981064,50.789233
3.143000,0.981063,50.780521
3.144000,0.981062,50.771813
3.145000,0.981062,50.763109
3.146000,0.981061,50.754408
3.147000,0.981060,50.745711
3.148000,0.981059,50.737017
3.149000,0.981059,50.728328
3.150000,0.981058,50.719642
3.151000,0.981057,50.710959
3.152000,0.981056,50.702280
3.153000,0.981056,50.693605
3.154000,0.981055,50.684934
3.155000,0.981054,50.676266
3.156000,0.981053,50.667602
3.157000,0.981053,50.658942
3.158000,0.981052,50.650285
3.159000,0.981051,50.641632
3.160000,0.981051,50.632982
3.161000,0.981050,50.624336
3.162000,0.981049,50.615694
3.163000,0.981048,50.607055
3.164000,0.981048,50.598420
3.165000,0.981047,50.589789
3.166000,0.981046,50.581161
3.167000,0.981045,50.572537
3.168000,0.981045,50.563917
3.169000,0.981044,50.555300
3.170000,0.981043,50.546687
3.171000,0.981042,50.538078
3.172000,0.981042,50.529472
3.173000,0.981041,50.520869
3.174000,0.981040,50.512271
3.175000,0.981039,50.503676
3.176000,0.981039,50.495084
3.177000,0.981038,50.486496
3.178000,0.981037,50.477912
3.179000,0.981036,50.469331
3.180000,0.981036,50.460754
3.181000,0.981035,50.452181
3.182000,0.981034,50.443611
3.183000,0.981033,50.435045
3.184000,0.981033,50.426482
3.185000,0.981032,50.417923
3.186000,0.981031,50.409368
3.187000,0.981030,50.400816
3.188000,0.981030,50.392267
3.189000,0.981029,50.383723
3.190000,0.981028,50.375182
3.191000,0.981027,50.366644
3.192000,0.981027,50.358110
3.193000,0.981026,50.349580
3.194000,0.981025,50.341053
3.195000,0.981024,50.332530
3.196000,0.981024,50.324010
3.197000,0.981023,50.315494
3.198000,0.981022,50.306981
3.199000,0.981022,50.298472
3.200000,0.981021,50.289967
3.201000,0.981020,50.281465
3.202000,0.981019,50.272966
3.203000,0.981019,50.264472
3.204000,0.981018,50.255980
3.205000,0.981017,50.247493
3.206000,0.981016,50.239009
3.207000,0.981016,50.230528
3.208000,0.981015,50.222051
3.209000,0.981014,50.213577
3.210000,0.981013,50.205107
3.211000,0.981013,50.196641
3.212000,0.981012,50.188178
3.213000,0.981011,50.179718
3.214000,0.981010,50.171263
3.215000,0.981010,50.162810
3.216000,0.981009,50.154361
3.217000,0.981008,50.145916
3.218000,0.981007,50.137474
3.219000,0.981007,50.129036
3.220000,0.981006,50.120601
3.221000,0.981005,50.112170
3.222000,0.981004,50.103742
3.223000,0.981004,50.095318
3.224000,0.981003,50.086897
3.225000,0.981002,50.078480
3.226000,0.981001,50.070066
3.227000,0.981001,50.061656
3.228000,0.981000,50.053249
3.229000,0.980999,50.044846
3.230000,0.980998,50.036446
3.231000,0.980998,50.028050
3.232000,0.980997,50.019657
3.233000,0.980996,50.011268
3.234000,0.980995,50.002882
3.235000,0.980995,49.994500
3.236000,0.980994,49.986121
3.237000,0.980993,49.977745
3.238000,0.980993,49.969373
3.239000,0.980992,49.961005
3.240000,0.980991,49.952640
3.241000,0.980990,49.944278
3.242000,0.980990,49.935920
3.243000,0.980989,49.927566
3.244000,0.980988,49.919215
3.245000,0.980987,49.910867
3.246000,0.980987,49.902523
3.247000,0.980986,49.894182
3.248000,0.980985,49.885845
3.249000,0.980984,49.877511
3.250000,0.980984,49.869181
3.251000,0.980983,49.860854
3.252000,0.980982,49.852530
3.253000,0.980981,49.844210
3.254000,0.980981,49.835893
3.255000,0.980980,49.827580
3.256000,0.980979,49.819270
3.257000,0.980978,49.810964
3.258000,0.980978,49.802661
3.259000,0.980977,49.794362
3.260000,0.980976,49.786066
3.261000,0.980975,49.777773
3.262000,0.980975,49.769484
3.263000,0.980974,49.761198
3.264000,0.980973,49.752916
3.265000,0.980972,49.744637
3.266000,0.980972,49.736361
3.267000,0.980971,49.728089
3.268000,0.980970,49.719821
3.269000,0.980969,49.711555
3.270000,0.980969,49.703293
3.271000,0.980968,49.695035
3.272000,0.980967,49.686780
3.273000,0.980966,49.678528
3.274000,0.980966,49.670280
3.275000,0.980965,49.662035
3.276000,0.980964,49.653793
3.277000,0.980964,49.645555
3.278000,0.980963,49.637321
3.279000,0.980962,49.629089
3.280000,0.980961,49.620861
3.281000,0.980961,49.612637
3.282000,0.980960,49.604416
3.283000,0.980959,49.596198
3.284000,0.980958,49.587983
3.285000,0.980958,49.579772
3.286000,0.980957,49.571565
3.287000,0.980956,49.563360
3.288000,0.980955,49.555159
3.289000,0.980955,49.546962
3.290000,0.980954,49.538768
3.291000,0.980953,49.530577
3.292000,0.980952,49.522389
3.293000,0.980952,49.514205
3.294000,0.980951,49.506024
3.295000,0.980950,49.497847
3.296000,0.980949,49.489673
3.297000,0.980949,49.481502
3.298000,0.980948,49.473335
3.299000,0.980947,49.465171
3.300000,0.980946,49.457010
3.301000,0.980946,49.448853
3.302000,0.980945,49.440699
3.303000,0.980944,49.432548
3.304000,0.980943,49.424401
3.305000,0.980943,49.416257
3.306000,0.980942,49.408116
3.307000,0.980941,49.399979
3.308000,0.980940,49.391845
3.309000,0.980940,49.383714
3.310000,0.980939,49.375587
3.311000,0.980938,49.367463
3.312000,0.980937,49.359342
3.313000,0.980937,49.351224
3.314000,0.980936,49.343110
3.315000,0.980935,49.335000
3.316000,0.980935,49.326892
3.317000,0.980934,49.318788
3.318000,0.980933,49.310687
3.319000,0.980932,49.302590
3.320000,0.980932,49.294495
3.321000,0.980931,49.286404
3.322000,0.980930,49.278317
3.323000,0.980929,49.270232
3.324000,0.980929,49.262151
3.325000,0.980928,49.254074
3.326000,0.980927,49.245999
3.327000,0.980926,49.237928
3.328000,0.980926,49.229860
3.329000,0.980925,49.221795
3.330000,0.980924,49.213734
3.331000,0.980923,49.205676
3.332000,0.980923,49.197621
3.333000,0.980922,49.189570
3.334000,0.980921,49.181521
3.335000,0.980920,49.173476
3.336000,0.980920,49.165435
3.337000,0.980919,49.157396
3.338000,0.980918,49.149361
3.339000,0.980917,49.141329
3.340000,0.980917,49.133301
3.341000,0.980916,49.125275
3.342000,0.980915,49.117253
3.343000,0.980914,49.109234
3.344000,0.980914,49.101219
3.345000,0.980913,49.093206
3.346000,0.980912,49.085197
3.347000,0.980911,49.077192
3.348000,0.980911,49.069189
3.349000,0.980910,49.061190
3.350000,0.980909,49.053193
3.351000,0.980908,49.045201
3.352000,0.980908,49.037211
3.353000,0.980907,49.029225
3.354000,0.980906,49.021241
3.355000,0.980906,49.013262
3.356000,0.980905,49.005285
3.357000,0.980904,48.997311
3.358000,0.980903,48.989341
3.359000,0.980903,48.981374
3.360000,0.980902,48.973410
3.361000,0.980901,48.965450
3.362000,0.980900,48.957492
3.363000,0.980900,48.949538
3.364000,0.980899,48.941587
3.365000,0.980898,48.933640
3.366000,0.980897,48.925695
3.367000,0.980897,48.917754
3.368000,0.980896,48.909816
3.369000,0.980895,48.901881
3.370000,0.980894,48.893949
3.371000,0.980894,48.886021
3.372000,0.980893,48.878096
3.373000,0.980892,48.870173
3.374000,0.980891,48.862255
3.375000,0.980891,48.854339
3.376000,0.980890,48.846426
3.377000,0.980889,48.838517
3.378000,0.980888,48.830611
3.379000,0.980888,48.822708
3.380000,0.980887,48.814808
3.381000,0.980886,48.806912
3.382000,0.980885,48.799018
3.383000,0.980885,48.791128
3.384000,0.980884,48.783241
3.385000,0.980883,48.775357
3.386000,0.980882,48.767477
3.387000,0.980882,48.759599
3.388000,0.980881,48.751725
3.389000,0.980880,48.743854
3.390000,0.980879,48.735986
3.391000,0.980879,48.728121
3.392000,0.980878,48.720259
3.393000,0.980877,48.712401
3.394000,0.980877,48.704545
3.395000,0.980876,48.696693
3.396000,0.980875,48.688844
3.397000,0.980874,48.680998
3.398000,0.980874,48.673155
3.399000,0.980873,48.665316
3.400000,0.980872,48.657479
3.401000,0.980871,48.649646
3.402000,0.980871,48.641816
3.403000,0.980870,48.633989
3.404000,0.980869,48.626165
3.405000,0.980868,48.618344
3.406000,0.980868,48.610526
3.407000,0.980867,48.602712
3.408000,0.980866,48.594901
3.409000,0.980865,48.587092
3.410000,0.980865,48.579287
3.411000,0.980864,48.571485
3.412000,0.980863,48.563686
3.413000,0.980862,48.555891
3.414000,0.980862,48.548098
3.415000,0.980861,48.540309
3.416000,0.980860,48.532522
3.417000,0.980859,48.524739
3.418000,0.980859,48.516959
3.419000,0.980858,48.509182
3.420000,0.980857,48.501408
3.421000,0.980856,48.493637
3.422000,0.980856,48.485869
3.423000,0.980855,48.478105
3.424000,0.980854,48.470343
3.425000,0.980853,48.462585
3.426000,0.980853,48.454829
3.427000,0.980852,48.447077
3.428000,0.980851,48.439328
3.429000,0.980850,48.431582
3.430000,0.980850,48.423839
3.431000,0.980849,48.416099
3.432000,0.980848,48.408362
3.433000,0.980848,48.400629
3.434000,0.980847,48.392898
3.435000,0.980846,48.385171
3.436000,0.980845,48.377446
3.437000,0.980845,48.369725
3.438000,0.980844,48.362006
3.439000,0.980843,48.354291
3.440000,0.980842,48.346579
3.441000,0.980842,48.338870
3.442000,0.980841,48.331164
3.443000,0.980840,48.323461
3.444000,0.980839,48.315761
3.445000,0.980839,48.308064
3.446000,0.980838,48.300370
3.447000,0.980837,48.292680
3.448000,0.980836,48.284992
3.449000,0.980836,48.277308
3.450000,0.980835,48.269626
3.451000,0.980834,48.261948
3.452000,0.980833,48.254272
3.453000,0.980833,48.246600
3.454000,0.980832,48.238930
3.455000,0.980831,48.231264
3.456000,0.980830,48.223601
3.457000,0.980830,48.215941
3.458000,0.980829,48.208283
3.459000,0.980828,48.200629
3.460000,0.980827,48.192978
3.461000,0.980827,48.185330
3.462000,0.980826,48.177685
3.463000,0.980825,48.170043
3.464000,0.980824,48.162404
3.465000,0.980824,48.154768
3.466000,0.980823,48.147135
3.467000,0.980822,48.139505
3.468000,0.980822,48.131878
3.469000,0.980821,48.124254
3.470000,0.980820,48.116633
3.471000,0.980819,48.109016
3.472000,0.980819,48.101401
3.473000,0.980818,48.093789
3.474000,0.980817,48.086180
3.475000,0.980816,48.078574
3.476000,0.980816,48.070972
3.477000,0.980815,48.063372
3.478000,0.980814,48.055775
3.479000,0.980813,48.048181
3.480000,0.980813,48.040590
3.481000,0.980812,48.033003
3.482000,0.980811,48.025418
3.483000,0.980810,48.017836
3.484000,0.980810,48.010257
3.485000,0.980809,48.002681
3.486000,0.980808,47.995109
3.487000,0.980807,47.987539
3.488000,0.980807,47.979972
3.489000,0.980806,47.972408
3.490000,0.980805,47.964847
3.491000,0.980804,47.957289
3.492000,0.980804,47.949734
3.493000,0.980803,47.942182
3.494000,0.980802,47.934633
3.495000,0.980801,47.927087
3.496000,0.980801,47.919544
3.497000,0.980800,47.912004
3.498000,0.980799,47.904467
3.499000,0.980798,47.896933
3.500000,0.980798,47.889402
con
1.100000,0.981222,52.238167
1.101000,0.981220,52.229453
1.102000,0.981217,52.220745
1.103000,0.981214,52.212041
1.104000,0.981212,52.203343
1.105000,0.981209,52.194651
1.106000,0.981207,52.185964
1.107000,0.981204,52.177282
1.108000,0.981201,52.168606
1.109000,0.981199,52.159935
1.110000,0.981196,52.151269
1.111000,0.981193,52.142609
1.112000,0.981191,52.133954
1.113000,0.981188,52.125305
1.114000,0.981185,52.116661
1.115000,0.981183,52.108022
1.116000,0.981180,52.099388
1.117000,0.981177,52.090760
1.118000,0.981175,52.082137
1.119000,0.981172,52.073520
1.120000,0.981170,52.064908
1.121000,0.981167,52.056301
1.122000,0.981164,52.047699
1.123000,0.981162,52.039103
1.124000,0.981159,52.030512
1.125000,0.981156,52.021926
1.126000,0.981154,52.013346
1.127000,0.981151,52.004771
1.128000,0.981148,51.996201
1.129000,0.981146,51.987636
1.130000,0.981143,51.979077
1.131000,0.981140,51.970523
1.132000,0.981138,51.961974
1.133000,0.981135,51.953431
1.134000,0.981132,51.944892
1.135000,0.981130,51.936359
1.136000,0.981127,51.927832
1.137000,0.981125,51.919309
1.138000,0.981122,51.910792
1.139000,0.981119,51.902280
1.140000,0.981117,51.893773
1.141000,0.981114,51.885271
1.142000,0.981111,51.876775
1.143000,0.981109,51.868283
1.144000,0.981106,51.859797
1.145000,0.981103,51.851317
1.146000,0.981101,51.842841
1.147000,0.981098,51.834370
1.148000,0.981095,51.825905
1.149000,0.981093,51.817445
1.150000,0.981090,51.808990
current density
2.200000,0.984724,42.083994
2.201000,0.984720,42.096470
2.202000,0.984715,42.108946
2.203000,0.984711,42.121422
2.204000,0.984706,42.133899
2.205000,0.984702,42.146375
2.206000,0.984697,42.158851
2.207000,0.984693,42.171327
2.208000,0.984689,42.183803
2.209000,0.984684,42.196279
2.210000,0.984680,42.208755
2.211000,0.984675,42.221232
2.212000,0.984671,42.233708
2.213000,0.984666,42.246184
2.214000,0.984662,42.258660
2.215000,0.984657,42.271136
2.216000,0.984653,42.283612
2.217000,0.984648,42.296088
2.218000,0.984644,42.308565
2.219000,0.984639,42.321041
2.220000,0.984635,42.333517
2.221000,0.984631,42.345993
2.222000,0.984626,42.358469
2.223000,0.984622,42.370945
2.224000,0.984617,42.383421
2.225000,0.984613,42.395898
2.226000,0.984608,42.408374
2.227000,0.984604,42.420850
2.228000,0.984599,42.433326
2.229000,0.984595,42.445802
2.230000,0.984590,42.458278
2.231000,0.984586,42.470754
2.232000,0.984582,42.483231
2.233000,0.984577,42.495707
2.234000,0.984573,42.508183
2.235000,0.984568,42.520659
2.236000,0.984564,42.533135
2.237000,0.984559,42.545611
2.238000,0.984555,42.558087
2.239000,0.984550,42.570564
2.240000,0.984546,42.583040
2.241000,0.984541,42.595516
2.242000,0.984537,42.607992
2.243000,0.984532,42.620468
2.244000,0.984528,42.632944
2.245000,0.984524,42.645420
2.246000,0.984519,42.657897
2.247000,0.984515,42.670373
2.248000,0.984510,42.682849
2.249000,0.984506,42.695325
2.250000,0.984501,42.707801
2.251000,0.984497,42.720277
2.252000,0.984492,42.732753
2.253000,0.984488,42.745230
2.254000,0.984483,42.757706
2.255000,0.984479,42.770182
2.256000,0.984475,42.782658
2.257000,0.984470,42.795134
2.258000,0.984466,42.807610
2.259000,0.984461,42.820086
2.260000,0.984457,42.832563
2.261000,0.984452,42.845039
2.262000,0.984448,42.857515
2.263000,0.984443,42.869991
2.264000,0.984439,42.882467
2.265000,0.984434,42.894943
2.266000,0.984430,42.907419
2.267000,0.984426,42.919896
2.268000,0.984421,42.932372
2.269000,0.984417,42.944848
2.270000,0.984412,42.957324
2.271000,0.984408,42.969800
2.272000,0.984403,42.982276
2.273000,0.984399,42.994752
2.274000,0.984394,43.007228
2.275000,0.984390,43.019705
2.276000,0.984385,43.032181
2.277000,0.984381,43.044657
2.278000,0.984376,43.057133
2.279000,0.984372,43.069609
2.280000,0.984368,43.082085
2.281000,0.984363,43.094561
2.282000,0.984359,43.107038
2.283000,0.984354,43.119514
2.284000,0.984350,43.131990
2.285000,0.984345,43.144466
2.286000,0.984341,43.156942
2.287000,0.984336,43.169418
2.288000,0.984332,43.181894
2.289000,0.984327,43.194371
2.290000,0.984323,43.206847
2.291000,0.984319,43.219323
2.292000,0.984314,43.231799
2.293000,0.984310,43.244275
2.294000,0.984305,43.256751
2.295000,0.984301,43.269227
2.296000,0.984296,43.281704
2.297000,0.984292,43.294180
2.298000,0.984287,43.306656
2.299000,0.984283,43.319132
2.300000,0.984278,43.331608
2.301000,0.984274,43.344084
2.302000,0.984270,43.356560
2.303000,0.984265,43.369037
2.304000,0.984261,43.381513
2.305000,0.984256,43.393989
2.306000,0.984252,43.406465
2.307000,0.984247,43.418941
2.308000,0.984243,43.431417
2.309000,0.984238,43.443893
2.310000,0.984234,43.456370
2.311000,0.984229,43.468846
2.312000,0.984225,43.481322
2.313000,0.984221,43.493798
2.314000,0.984216,43.506274
2.315000,0.984212,43.518750
2.316000,0.984207,43.531226
2.317000,0.984203,43.543703
2.318000,0.984198,43.556179
2.319000,0.984194,43.568655
2.320000,0.984189,43.581131
2.321000,0.984185,43.593607
2.322000,0.984180,43.606083
2.323000,0.984176,43.618559
2.324000,0.984172,43.631036
2.325000,0.984167,43.643512
2.326000,0.984163,43.655988
2.327000,0.984158,43.668464
2.328000,0.984154,43.680940
2.329000,0.984149,43.693416
2.330000,0.984145,43.705892
2.331000,0.984140,43.718369
2.332000,0.984136,43.730845
2.333000,0.984131,43.743321
2.334000,0.984127,43.755797
2.335000,0.984123,43.768273
2.336000,0.984118,43.780749
2.337000,0.984114,43.793225
2.338000,0.984109,43.805702
2.339000,0.984105,43.818178
2.340000,0.984100,43.830654
2.341000,0.984096,43.843130
2.342000,0.984091,43.855606
2.343000,0.984087,43.868082
2.344000,0.984082,43.880558
2.345000,0.984078,43.893035
2.346000,0.984074,43.905511
2.347000,0.984069,43.917987
2.348000,0.984065,43.930463
2.349000,0.984060,43.942939
2.350000,0.984056,43.955415
2.351000,0.984051,43.967891
2.352000,0.984047,43.980368
2.353000,0.984042,43.992844
2.354000,0.984038,44.005320
2.355000,0.984033,44.017796
2.356000,0.984029,44.030272
2.357000,0.984025,44.042748
2.358000,0.984020,44.055224
2.359000,0.984016,44.067701
2.360000,0.984011,44.080177
2.361000,0.984007,44.092653
2.362000,0.984002,44.105129
2.363000,0.983998,44.117605
2.364000,0.983993,44.130081
2.365000,0.983989,44.142557
2.366000,0.983984,44.155034
2.367000,0.983980,44.167510
2.368000,0.983976,44.179986
2.369000,0.983971,44.192462
2.370000,0.983967,44.204938
2.371000,0.983962,44.217414
2.372000,0.983958,44.229890
2.373000,0.983953,44.242367
2.374000,0.983949,44.254843
2.375000,0.983944,44.267319
2.376000,0.983940,44.279795
2.377000,0.983936,44.292271
2.378000,0.983931,44.304747
2.379000,0.983927,44.317223
2.380000,0.983922,44.329700
2.381000,0.983918,44.342176
2.382000,0.983913,44.354652
2.383000,0.983909,44.367128
2.384000,0.983904,44.379604
2.385000,0.983900,44.392080
2.386000,0.983895,44.404556
2.387000,0.983891,44.417033
2.388000,0.983887,44.429509
2.389000,0.983882,44.441985
2.390000,0.983878,44.454461
2.391000,0.983873,44.466937
2.392000,0.983869,44.479413
2.393000,0.983864,44.491889
2.394000,0.983860,44.504366
2.395000,0.983855,44.516842
2.396000,0.983851,44.529318
2.397000,0.983846,44.541794
2.398000,0.983842,44.554270
2.399000,0.983838,44.566746
2.400000,0.983833,44.579222
2.401000,0.983829,44.591699
2.402000,0.983824,44.604175
2.403000,0.983820,44.616651
2.404000,0.983815,44.629127
2.405000,0.983811,44.641603
2.406000,0.983806,44.654079
2.407000,0.983802,44.666555
2.408000,0.983798,44.679032
2.409000,0.983793,44.691508
2.410000,0.983789,44.703984
2.411000,0.983784,44.716460
2.412000,0.983780,44.728936
2.413000,0.983775,44.741412
2.414000,0.983771,44.753888
2.415000,0.983766,44.766365
2.416000,0.983762,44.778841
2.417000,0.983757,44.791317
2.418000,0.983753,44.803793
2.419000,0.983749,44.816269
2.420000,0.983744,44.828745
2.421000,0.983740,44.841221
2.422000,0.983735,44.853698
2.423000,0.983731,44.866174
2.424000,0.983726,44.878650
2.425000,0.983722,44.891126
2.426000,0.983717,44.903602
2.427000,0.983713,44.916078
2.428000,0.983708,44.928554
2.429000,0.983704,44.941030
2.430000,0.983700,44.953507
2.431000,0.983695,44.965983
2.432000,0.983691,44.978459
2.433000,0.983686,44.990935
2.434000,0.983682,45.003411
2.435000,0.983677,45.015887
2.436000,0.983673,45.028363
2.437000,0.983668,45.040840
2.438000,0.983664,45.053316
2.439000,0.983660,45.065792
2.440000,0.983655,45.078268
2.441000,0.983651,45.090744
2.442000,0.983646,45.103220
2.443000,0.983642,45.115696
2.444000,0.983637,45.128173
2.445000,0.983633,45.140649
2.446000,0.983628,45.153125
2.447000,0.983624,45.165601
2.448000,0.983619,45.178077
2.449000,0.983615,45.190553
2.450000,0.983611,45.203029
2.451000,0.983606,45.215506
2.452000,0.983602,45.227982
2.453000,0.983597,45.240458
2.454000,0.983593,45.252934
2.455000,0.983588,45.265410
2.456000,0.983584,45.277886
2.457000,0.983579,45.290362
2.458000,0.983575,45.302839
2.459000,0.983571,45.315315
2.460000,0.983566,45.327791
2.461000,0.983562,45.340267
2.462000,0.983557,45.352743
2.463000,0.983553,45.365219
2.464000,0.983548,45.377695
2.465000,0.983544,45.390172
2.466000,0.983539,45.402648
2.467000,0.983535,45.415124
2.468000,0.983531,45.427600
2.469000,0.983526,45.440076
2.470000,0.983522,45.452552
2.471000,0.983517,45.465028
2.472000,0.983513,45.477505
2.473000,0.983508,45.489981
2.474000,0.983504,45.502457
2.475000,0.983499,45.514933
2.476000,0.983495,45.527409
2.477000,0.983490,45.539885
2.478000,0.983486,45.552361
2.479000,0.983482,45.564838
2.480000,0.983477,45.577314
2.481000,0.983473,45.589790
2.482000,0.983468,45.602266
2.483000,0.983464,45.614742
2.484000,0.983459,45.627218
2.485000,0.983455,45.639694
2.486000,0.983450,45.652171
2.487000,0.983446,45.664647
2.488000,0.983442,45.677123
2.489000,0.983437,45.689599
2.490000,0.983433,45.702075
2.491000,0.983428,45.714551
2.492000,0.983424,45.727027
2.493000,0.983419,45.739504
2.494000,0.983415,45.751980
2.495000,0.983410,45.764456
2.496000,0.983406,45.776932
2.497000,0.983402,45.789408
2.498000,0.983397,45.801884
2.499000,0.983393,45.814360
2.500000,0.983388,45.826837
2.501000,0.983384,45.839313
2.502000,0.983379,45.851789
2.503000,0.983375,45.864265
2.504000,0.983370,45.876741
2.505000,0.983366,45.889217
2.506000,0.983361,45.901693
2.507000,0.983357,45.914170
2.508000,0.983353,45.926646
2.509000,0.983348,45.939122
2.510000,0.983344,45.951598
2.511000,0.983339,45.964074
2.512000,0.983335,45.976550
2.513000,0.983330,45.989026
2.514000,0.983326,46.001503
2.515000,0.983321,46.013979
2.516000,0.983317,46.026455
2.517000,0.983313,46.038931
2.518000,0.983308,46.051407
2.519000,0.983304,46.063883
2.520000,0.983299,46.076359
2.521000,0.983295,46.088836
2.522000,0.983290,46.101312
2.523000,0.983286,46.113788
2.524000,0.983281,46.126264
2.525000,0.983277,46.138740
2.526000,0.983273,46.151216
2.527000,0.983268,46.163692
2.528000,0.983264,46.176169
2.529000,0.983259,46.188645
2.530000,0.983255,46.201121
2.531000,0.983250,46.213597
2.532000,0.983246,46.226073
2.533000,0.983241,46.238549
2.534000,0.983237,46.251025
2.535000,0.983233,46.263502
2.536000,0.983228,46.275978
2.537000,0.983224,46.288454
2.538000,0.983219,46.300930
2.539000,0.983215,46.313406
2.540000,0.983210,46.325882
2.541000,0.983206,46.338358
2.542000,0.983201,46.350835
2.543000,0.983197,46.363311
2.544000,0.983193,46.375787
2.545000,0.983188,46.388263
2.546000,0.983184,46.400739
2.547000,0.983179,46.413215
2.548000,0.983175,46.425691
2.549000,0.983170,46.438168
2.550000,0.983166,46.450644
2.551000,0.983161,46.463120
2.552000,0.983157,46.475596
2.553000,0.983153,46.488072
2.554000,0.983148,46.500548
2.555000,0.983144,46.513024
2.556000,0.983139,46.525501
2.557000,0.983135,46.537977
2.558000,0.983130,46.550453
2.559000,0.983126,46.562929
2.560000,0.983121,46.575405
2.561000,0.983117,46.587881
2.562000,0.983113,46.600357
2.563000,0.983108,46.612834
2.564000,0.983104,46.625310
2.565000,0.983099,46.637786
2.566000,0.983095,46.650262
2.567000,0.983090,46.662738
2.568000,0.983086,46.675214
2.569000,0.983081,46.687690
2.570000,0.983077,46.700167
2.571000,0.983073,46.712643
2.572000,0.983068,46.725119
2.573000,0.983064,46.737595
2.574000,0.983059,46.750071
2.575000,0.983055,46.762547
2.576000,0.983050,46.775023
2.577000,0.983046,46.787500
2.578000,0.983041,46.799976
2.579000,0.983037,46.812452
2.580000,0.983033,46.824928
2.581000,0.983028,46.837404
2.582000,0.983024,46.849880
2.583000,0.983019,46.862356
2.584000,0.983015,46.874832
2.585000,0.983010,46.887309
2.586000,0.983006,46.899785
2.587000,0.983001,46.912261
2.588000,0.982997,46.924737
2.589000,0.982993,46.937213
2.590000,0.982988,46.949689
2.591000,0.982984,46.962165
2.592000,0.982979,46.974642
2.593000,0.982975,46.987118
2.594000,0.982970,46.999594
2.595000,0.982966,47.012070
2.596000,0.982961,47.024546
2.597000,0.982957,47.037022
2.598000,0.982953,47.049498
2.599000,0.982948,47.061975
2.600000,0.982944,47.074451
2.601000,0.982939,47.086927
2.602000,0.982935,47.099403
2.603000,0.982930,47.111879
2.604000,0.982926,47.124355
2.605000,0.982921,47.136831
2.606000,0.982917,47.149308
2.607000,0.982913,47.161784
2.608000,0.982908,47.174260
2.609000,0.982904,47.186736
2.610000,0.982899,47.199212
2.611000,0.982895,47.211688
2.612000,0.982890,47.224164
2.613000,0.982886,47.236641
2.614000,0.982881,47.249117
2.615000,0.982877,47.261593
2.616000,0.982873,47.274069
2.617000,0.982868,47.286545
2.618000,0.982864,47.299021
2.619000,0.982859,47.311497
2.620000,0.982855,47.323974
2.621000,0.982850,47.336450
2.622000,0.982846,47.348926
2.623000,0.982841,47.361402
2.624000,0.982837,47.373878
2.625000,0.982833,47.386354
2.626000,0.982828,47.398830
2.627000,0.982824,47.411307
2.628000,0.982819,47.423783
2.629000,0.982815,47.436259
2.630000,0.982810,47.448735
2.631000,0.982806,47.461211
2.632000,0.982801,47.473687
2.633000,0.982797,47.486163
2.634000,0.982793,47.498640
2.635000,0.982788,47.511116
2.636000,0.982784,47.523592
2.637000,0.982779,47.536068
2.638000,0.982775,47.548544
2.639000,0.982770,47.561020
2.640000,0.982766,47.573496
2.641000,0.982762,47.585973
2.642000,0.982757,47.598449
2.643000,0.982753,47.610925
2.644000,0.982748,47.623401
2.645000,0.982744,47.635877
2.646000,0.982739,47.648353
2.647000,0.982735,47.660829
2.648000,0.982730,47.673306
2.649000,0.982726,47.685782
2.650000,0.982722,47.698258
2.651000,0.982717,47.710734
2.652000,0.982713,47.723210
2.653000,0.982708,47.735686
2.654000,0.982704,47.748162
2.655000,0.982699,47.760639
2.656000,0.982695,47.773115
2.657000,0.982690,47.785591
2.658000,0.982686,47.798067
2.659000,0.982682,47.810543
2.660000,0.982677,47.823019
2.661000,0.982673,47.835495
2.662000,0.982668,47.847972
2.663000,0.982664,47.860448
2.664000,0.982659,47.872924
2.665000,0.982655,47.885400
2.666000,0.982650,47.897876
2.667000,0.982646,47.910352
2.668000,0.982642,47.922828
2.669000,0.982637,47.935305
2.670000,0.982633,47.947781
2.671000,0.982628,47.960257
2.672000,0.982624,47.972733
2.673000,0.982619,47.985209
2.674000,0.982615,47.997685
2.675000,0.982611,48.010161
2.676000,0.982606,48.022638
2.677000,0.982602,48.035114
2.678000,0.982597,48.047590
2.679000,0.982593,48.060066
2.680000,0.982588,48.072542
2.681000,0.982584,48.085018
2.682000,0.982579,48.097494
2.683000,0.982575,48.109971
2.684000,0.982571,48.122447
2.685000,0.982566,48.134923
2.686000,0.982562,48.147399
2.687000,0.982557,48.159875
2.688000,0.982553,48.172351
2.689000,0.982548,48.184827
2.690000,0.982544,48.197304
2.691000,0.982539,48.209780
2.692000,0.982535,48.222256
2.693000,0.982531,48.234732
2.694000,0.982526,48.247208
2.695000,0.982522,48.259684
2.696000,0.982517,48.272160
2.697000,0.982513,48.284637
2.698000,0.982508,48.297113
2.699000,0.982504,48.309589
2.700000,0.982500,48.322065
2.701000,0.982495,48.334541
2.702000,0.982491,48.347017
2.703000,0.982486,48.359493
2.704000,0.982482,48.371970
2.705000,0.982477,48.384446
2.706000,0.982473,48.396922
2.707000,0.982468,48.409398
2.708000,0.982464,48.421874
2.709000,0.982460,48.434350
2.710000,0.982455,48.446826
2.711000,0.982451,48.459303
2.712000,0.982446,48.471779
2.713000,0.982442,48.484255
2.714000,0.982437,48.496731
2.715000,0.982433,48.509207
2.716000,0.982428,48.521683
2.717000,0.982424,48.534159
2.718000,0.982420,48.546636
2.719000,0.982415,48.559112
2.720000,0.982411,48.571588
2.721000,0.982406,48.584064
2.722000,0.982402,48.596540
2.723000,0.982397,48.609016
2.724000,0.982393,48.621492
2.725000,0.982389,48.633969
2.726000,0.982384,48.646445
2.727000,0.982380,48.658921
2.728000,0.982375,48.671397
2.729000,0.982371,48.683873
2.730000,0.982366,48.696349
2.731000,0.982362,48.708825
2.732000,0.982357,48.721302
2.733000,0.982353,48.733778
2.734000,0.982349,48.746254
2.735000,0.982344,48.758730
2.736000,0.982340,48.771206
2.737000,0.982335,48.783682
2.738000,0.982331,48.796158
2.739000,0.982326,48.808634
2.740000,0.982322,48.821111
2.741000,0.982318,48.833587
2.742000,0.982313,48.846063
2.743000,0.982309,48.858539
2.744000,0.982304,48.871015
2.745000,0.982300,48.883491
2.746000,0.982295,48.895967
2.747000,0.982291,48.908444
2.748000,0.982286,48.920920
2.749000,0.982282,48.933396
2.750000,0.982278,48.945872
2.751000,0.982273,48.958348
2.752000,0.982269,48.970824
2.753000,0.982264,48.983300
2.754000,0.982260,48.995777
2.755000,0.982255,49.008253
2.756000,0.982251,49.020729
2.757000,0.982247,49.033205
2.758000,0.982242,49.045681
2.759000,0.982238,49.058157
2.760000,0.982233,49.070633
2.761000,0.982229,49.083110
2.762000,0.982224,49.095586
2.763000,0.982220,49.108062
2.764000,0.982215,49.120538
2.765000,0.982211,49.133014
2.766000,0.982207,49.145490
2.767000,0.982202,49.157966
2.768000,0.982198,49.170443
2.769000,0.982193,49.182919
2.770000,0.982189,49.195395
2.771000,0.982184,49.207871
2.772000,0.982180,49.220347
2.773000,0.982176,49.232823
2.774000,0.982171,49.245299
2.775000,0.982167,49.257776
2.776000,0.982162,49.270252
2.777000,0.982158,49.282728
2.778000,0.982153,49.295204
2.779000,0.982149,49.307680
2.780000,0.982144,49.320156
2.781000,0.982140,49.332632
2.782000,0.982136,49.345109
2.783000,0.982131,49.357585
2.784000,0.982127,49.370061
2.785000,0.982122,49.382537
2.786000,0.982118,49.395013
2.787000,0.982113,49.407489
2.788000,0.982109,49.419965
2.789000,0.982105,49.432442
2.790000,0.982100,49.444918
2.791000,0.982096,49.457394
2.792000,0.982091,49.469870
2.793000,0.982087,49.482346
2.794000,0.982082,49.494822
2.795000,0.982078,49.507298
2.796000,0.982074,49.519775
2.797000,0.982069,49.532251
2.798000,0.982065,49.544727
2.799000,0.982060,49.557203
2.800000,0.982056,49.569679
2.801000,0.982051,49.582155
2.802000,0.982047,49.594631
2.803000,0.982042,49.607108
2.804000,0.982038,49.619584
2.805000,0.982034,49.632060
2.806000,0.982029,49.644536
2.807000,0.982025,49.657012
2.808000,0.982020,49.669488
2.809000,0.982016,49.681964
2.810000,0.982011,49.694441
2.811000,0.982007,49.706917
2.812000,0.982003,49.719393
2.813000,0.981998,49.731869
2.814000,0.981994,49.744345
2.815000,0.981989,49.756821
2.816000,0.981985,49.769297
2.817000,0.981980,49.781774
2.818000,0.981976,49.794250
2.819000,0.981972,49.806726
2.820000,0.981967,49.819202
2.821000,0.981963,49.831678
2.822000,0.981958,49.844154
2.823000,0.981954,49.856630
2.824000,0.981949,49.869107
2.825000,0.981945,49.881583
2.826000,0.981940,49.894059
2.827000,0.981936,49.906535
2.828000,0.981932,49.919011
2.829000,0.981927,49.931487
2.830000,0.981923,49.943963
2.831000,0.981918,49.956440
2.832000,0.981914,49.968916
2.833000,0.981909,49.981392
2.834000,0.981905,49.993868
2.835000,0.981901,50.006344
2.836000,0.981896,50.018820
2.837000,0.981892,50.031296
2.838000,0.981887,50.043773
2.839000,0.981883,50.056249
2.840000,0.981878,50.068725
2.841000,0.981874,50.081201
2.842000,0.981870,50.093677
2.843000,0.981865,50.106153
2.844000,0.981861,50.118629
2.845000,0.981856,50.131106
2.846000,0.981852,50.143582
2.847000,0.981847,50.156058
2.848000,0.981843,50.168534
2.849000,0.981838,50.181010
2.850000,0.981834,50.193486
2.851000,0.981830,50.205962
2.852000,0.981825,50.218439
2.853000,0.981821,50.230915
2.854000,0.981816,50.243391
2.855000,0.981812,50.255867
2.856000,0.981807,50.268343
2.857000,0.981803,50.280819
2.858000,0.981799,50.293295
2.859000,0.981794,50.305772
2.860000,0.981790,50.318248
2.861000,0.981785,50.330724
2.862000,0.981781,50.343200
2.863000,0.981776,50.355676
2.864000,0.981772,50.368152
2.865000,0.981768,50.380628
2.866000,0.981763,50.393105
2.867000,0.981759,50.405581
2.868000,0.981754,50.418057
2.869000,0.981750,50.430533
2.870000,0.981745,50.443009
2.871000,0.981741,50.455485
2.872000,0.981737,50.467961
2.873000,0.981732,50.480438
2.874000,0.981728,50.492914
2.875000,0.981723,50.505390
2.876000,0.981719,50.517866
2.877000,0.981714,50.530342
2.878000,0.981710,50.542818
2.879000,0.981706,50.555294
2.880000,0.981701,50.567771
2.881000,0.981697,50.580247
2.882000,0.981692,50.592723
2.883000,0.981688,50.605199
2.884000,0.981683,50.617675
2.885000,0.981679,50.630151
2.886000,0.981674,50.642627
2.887000,0.981670,50.655104
2.888000,0.981666,50.667580
2.889000,0.981661,50.680056
2.890000,0.981657,50.692532
2.891000,0.981652,50.705008
2.892000,0.981648,50.717484
2.893000,0.981643,50.729960
2.894000,0.981639,50.742436
2.895000,0.981635,50.754913
2.896000,0.981630,50.767389
2.897000,0.981626,50.779865
2.898000,0.981621,50.792341
2.899000,0.981617,50.804817
2.900000,0.981612,50.817293
2.901000,0.981608,50.829769
2.902000,0.981604,50.842246
2.903000,0.981599,50.854722
2.904000,0.981595,50.867198
2.905000,0.981590,50.879674
2.906000,0.981586,50.892150
2.907000,0.981581,50.904626
2.908000,0.981577,50.917102
2.909000,0.981573,50.929579
2.910000,0.981568,50.942055
2.911000,0.981564,50.954531
2.912000,0.981559,50.967007
2.913000,0.981555,50.979483
2.914000,0.981550,50.991959
2.915000,0.981546,51.004435
2.916000,0.981542,51.016912
2.917000,0.981537,51.029388
2.918000,0.981533,51.041864
2.919000,0.981528,51.054340
2.920000,0.981524,51.066816
2.921000,0.981519,51.079292
2.922000,0.981515,51.091768
2.923000,0.981511,51.104245
2.924000,0.981506,51.116721
2.925000,0.981502,51.129197
2.926000,0.981497,51.141673
2.927000,0.981493,51.154149
2.928000,0.981488,51.166625
2.929000,0.981484,51.179101
2.930000,0.981480,51.191578
2.931000,0.981475,51.204054
2.932000,0.981471,51.216530
2.933000,0.981466,51.229006
2.934000,0.981462,51.241482
2.935000,0.981457,51.253958
2.936000,0.981453,51.266434
2.937000,0.981449,51.278911
2.938000,0.981444,51.291387
2.939000,0.981440,51.303863
2.940000,0.981435,51.316339
2.941000,0.981431,51.328815
2.942000,0.981426,51.341291
2.943000,0.981422,51.353767
2.944000,0.981418,51.366244
2.945000,0.981413,51.378720
2.946000,0.981409,51.391196
2.947000,0.981404,51.403672
2.948000,0.981400,51.416148
2.949000,0.981395,51.428624
2.950000,0.981391,51.441100
2.951000,0.981387,51.453577
2.952000,0.981382,51.466053
2.953000,0.981378,51.478529
2.954000,0.981373,51.491005
2.955000,0.981369,51.503481
2.956000,0.981364,51.515957
2.957000,0.981360,51.528433
2.958000,0.981356,51.540910
2.959000,0.981351,51.553386
2.960000,0.981347,51.565862
2.961000,0.981342,51.578338
2.962000,0.981338,51.590814
2.963000,0.981333,51.603290
2.964000,0.981329,51.615766
2.965000,0.981324,51.628243
2.966000,0.981320,51.640719
2.967000,0.981316,51.653195
2.968000,0.981311,51.665671
2.969000,0.981307,51.678147
2.970000,0.981302,51.690623
2.971000,0.981298,51.703099
2.972000,0.981293,51.715576
2.973000,0.981289,51.728052
2.974000,0.981285,51.740528
2.975000,0.981280,51.753004
2.976000,0.981276,51.765480
2.977000,0.981271,51.777956
2.978000,0.981267,51.790432
2.979000,0.981263,51.802909
2.980000,0.981258,51.815385
2.981000,0.981254,51.827861
2.982000,0.981249,51.840337
2.983000,0.981245,51.852813
2.984000,0.981240,51.865289
2.985000,0.981236,51.877765
2.986000,0.981232,51.890242
2.987000,0.981227,51.902718
2.988000,0.981223,51.915194
2.989000,0.981218,51.927670
2.990000,0.981214,51.940146
2.991000,0.981209,51.952622
2.992000,0.981205,51.965098
2.993000,0.981201,51.977575
2.994000,0.981196,51.990051
2.995000,0.981192,52.002527
2.996000,0.981187,52.015003
2.997000,0.981183,52.027479
2.998000,0.981178,52.039955
2.999000,0.981174,52.052431
3.000000,0.981170,52.064908
3.001000,0.981165,52.077384
3.002000,0.981161,52.089860
3.003000,0.981156,52.102336
3.004000,0.981152,52.114812
3.005000,0.981147,52.127288
3.006000,0.981143,52.139764
3.007000,0.981139,52.152241
3.008000,0.981134,52.164717
3.009000,0.981130,52.177193
3.010000,0.981125,52.189669
3.011000,0.981121,52.202145
3.012000,0.981116,52.214621
3.013000,0.981112,52.227097
3.014000,0.981108,52.239574
3.015000,0.981103,52.252050
3.016000,0.981099,52.264526
3.017000,0.981094,52.277002
3.018000,0.981090,52.289478
3.019000,0.981085,52.301954
3.020000,0.981081,52.314430
3.021000,0.981077,52.326907
3.022000,0.981072,52.339383
3.023000,0.981068,52.351859
3.024000,0.981063,52.364335
3.025000,0.981059,52.376811
3.026000,0.981054,52.389287
3.027000,0.981050,52.401763
3.028000,0.981046,52.414240
3.029000,0.981041,52.426716
3.030000,0.981037,52.439192
3.031000,0.981032,52.451668
3.032000,0.981028,52.464144
3.033000,0.981023,52.476620
3.034000,0.981019,52.489096
3.035000,0.981015,52.501573
3.036000,0.981010,52.514049
3.037000,0.981006,52.526525
3.038000,0.981001,52.539001
3.039000,0.980997,52.551477
3.040000,0.980992,52.563953
3.041000,0.980988,52.576429
3.042000,0.980984,52.588906
3.043000,0.980979,52.601382
3.044000,0.980975,52.613858
3.045000,0.980970,52.626334
3.046000,0.980966,52.638810
3.047000,0.980961,52.651286
3.048000,0.980957,52.663762
3.049000,0.980953,52.676238
3.050000,0.980948,52.688715
3.051000,0.980944,52.701191
3.052000,0.980939,52.713667
3.053000,0.980935,52.726143
3.054000,0.980931,52.738619
3.055000,0.980926,52.751095
3.056000,0.980922,52.763571
3.057000,0.980917,52.776048
3.058000,0.980913,52.788524
3.059000,0.980908,52.801000
3.060000,0.980904,52.813476
3.061000,0.980900,52.825952
3.062000,0.980895,52.838428
3.063000,0.980891,52.850904
3.064000,0.980886,52.863381
3.065000,0.980882,52.875857
3.066000,0.980877,52.888333
3.067000,0.980873,52.900809
3.068000,0.980869,52.913285
3.069000,0.980864,52.925761
3.070000,0.980860,52.938237
3.071000,0.980855,52.950714
3.072000,0.980851,52.963190
3.073000,0.980846,52.975666
3.074000,0.980842,52.988142
3.075000,0.980838,53.000618
3.076000,0.980833,53.013094
3.077000,0.980829,53.025570
3.078000,0.980824,53.038047
3.079000,0.980820,53.050523
3.080000,0.980815,53.062999
3.081000,0.980811,53.075475
3.082000,0.980807,53.087951
3.083000,0.980802,53.100427
3.084000,0.980798,53.112903
3.085000,0.980793,53.125380
3.086000,0.980789,53.137856
3.087000,0.980784,53.150332
3.088000,0.980780,53.162808
3.089000,0.980776,53.175284
3.090000,0.980771,53.187760
3.091000,0.980767,53.200236
3.092000,0.980762,53.212713
3.093000,0.980758,53.225189
3.094000,0.980754,53.237665
3.095000,0.980749,53.250141
3.096000,0.980745,53.262617
3.097000,0.980740,53.275093
3.098000,0.980736,53.287569
3.099000,0.980731,53.300046
3.100000,0.980727,53.312522
3.101000,0.980723,53.324998
3.102000,0.980718,53.337474
3.103000,0.980714,53.349950
3.104000,0.980709,53.362426
3.105000,0.980705,53.374902
3.106000,0.980700,53.387379
3.107000,0.980696,53.399855
3.108000,0.980692,53.412331
3.109000,0.980687,53.424807
3.110000,0.980683,53.437283
3.111000,0.980678,53.449759
3.112000,0.980674,53.462235
3.113000,0.980669,53.474712
3.114000,0.980665,53.487188
3.115000,0.980661,53.499664
3.116000,0.980656,53.512140
3.117000,0.980652,53.524616
3.118000,0.980647,53.537092
3.119000,0.980643,53.549568
3.120000,0.980639,53.562045
3.121000,0.980634,53.574521
3.122000,0.980630,53.586997
3.123000,0.980625,53.599473
3.124000,0.980621,53.611949
3.125000,0.980616,53.624425
3.126000,0.980612,53.636901
3.127000,0.980608,53.649378
3.128000,0.980603,53.661854
3.129000,0.980599,53.674330
3.130000,0.980594,53.686806
3.131000,0.980590,53.699282
3.132000,0.980585,53.711758
3.133000,0.980581,53.724234
3.134000,0.980577,53.736711
3.135000,0.980572,53.749187
3.136000,0.980568,53.761663
3.137000,0.980563,53.774139
3.138000,0.980559,53.786615
3.139000,0.980555,53.799091
3.140000,0.980550,53.811567
3.141000,0.980546,53.824044
3.142000,0.980541,53.836520
3.143000,0.980537,53.848996
3.144000,0.980532,53.861472
3.145000,0.980528,53.873948
3.146000,0.980524,53.886424
3.147000,0.980519,53.898900
3.148000,0.980515,53.911377
3.149000,0.980510,53.923853
3.150000,0.980506,53.936329
3.151000,0.980501,53.948805
3.152000,0.980497,53.961281
3.153000,0.980493,53.973757
3.154000,0.980488,53.986233
3.155000,0.980484,53.998710
3.156000,0.980479,54.011186
3.157000,0.980475,54.023662
3.158000,0.980471,54.036138
3.159000,0.980466,54.048614
3.160000,0.980462,54.061090
3.161000,0.980457,54.073566
3.162000,0.980453,54.086043
3.163000,0.980448,54.098519
3.164000,0.980444,54.110995
3.165000,0.980440,54.123471
3.166000,0.980435,54.135947
3.167000,0.980431,54.148423
3.168000,0.980426,54.160899
3.169000,0.980422,54.173376
3.170000,0.980417,54.185852
3.171000,0.980413,54.198328
3.172000,0.980409,54.210804
3.173000,0.980404,54.223280
3.174000,0.980400,54.235756
3.175000,0.980395,54.248232
3.176000,0.980391,54.260709
3.177000,0.980387,54.273185
3.178000,0.980382,54.285661
3.179000,0.980378,54.298137
3.180000,0.980373,54.310613
3.181000,0.980369,54.323089
3.182000,0.980364,54.335565
3.183000,0.980360,54.348042
3.184000,0.980356,54.360518
3.185000,0.980351,54.372994
3.186000,0.980347,54.385470
3.187000,0.980342,54.397946
3.188000,0.980338,54.410422
3.189000,0.980333,54.422898
3.190000,0.980329,54.435375
3.191000,0.980325,54.447851
3.192000,0.980320,54.460327
3.193000,0.980316,54.472803
3.194000,0.980311,54.485279
3.195000,0.980307,54.497755
3.196000,0.980303,54.510231
3.197000,0.980298,54.522708
3.198000,0.980294,54.535184
3.199000,0.980289,54.547660
3.200000,0.980285,54.560136
3.201000,0.980280,54.572612
3.202000,0.980276,54.585088
3.203000,0.980272,54.597564
3.204000,0.980267,54.610040
3.205000,0.980263,54.622517
3.206000,0.980258,54.634993
3.207000,0.980254,54.647469
3.208000,0.980249,54.659945
3.209000,0.980245,54.672421
3.210000,0.980241,54.684897
3.211000,0.980236,54.697373
3.212000,0.980232,54.709850
3.213000,0.980227,54.722326
3.214000,0.980223,54.734802
3.215000,0.980219,54.747278
3.216000,0.980214,54.759754
3.217000,0.980210,54.772230
3.218000,0.980205,54.784706
3.219000,0.980201,54.797183
3.220000,0.980196,54.809659
3.221000,0.980192,54.822135
3.222000,0.980188,54.834611
3.223000,0.980183,54.847087
3.224000,0.980179,54.859563
3.225000,0.980174,54.872039
3.226000,0.980170,54.884516
3.227000,0.980166,54.896992
3.228000,0.980161,54.909468
3.229000,0.980157,54.921944
3.230000,0.980152,54.934420
3.231000,0.980148,54.946896
3.232000,0.980143,54.959372
3.233000,0.980139,54.971849
3.234000,0.980135,54.984325
3.235000,0.980130,54.996801
3.236000,0.980126,55.009277
3.237000,0.980121,55.021753
3.238000,0.980117,55.034229
3.239000,0.980113,55.046705
3.240000,0.980108,55.059182
3.241000,0.980104,55.071658
3.242000,0.980099,55.084134
3.243000,0.980095,55.096610
3.244000,0.980090,55.109086
3.245000,0.980086,55.121562
3.246000,0.980082,55.134038
3.247000,0.980077,55.146515
3.248000,0.980073,55.158991
3.249000,0.980068,55.171467
3.250000,0.980064,55.183943
3.251000,0.980060,55.196419
3.252000,0.980055,55.208895
3.253000,0.980051,55.221371
3.254000,0.980046,55.233848
3.255000,0.980042,55.246324
3.256000,0.980037,55.258800
3.257000,0.980033,55.271276
3.258000,0.980029,55.283752
3.259000,0.980024,55.296228
3.260000,0.980020,55.308704
3.261000,0.980015,55.321181
3.262000,0.980011,55.333657
3.263000,0.980007,55.346133
3.264000,0.980002,55.358609
3.265000,0.979998,55.371085
3.266000,0.979993,55.383561
3.267000,0.979989,55.396037
3.268000,0.979984,55.408514
3.269000,0.979980,55.420990
3.270000,0.979976,55.433466
3.271000,0.979971,55.445942
3.272000,0.979967,55.458418
3.273000,0.979962,55.470894
3.274000,0.979958,55.483370
3.275000,0.979954,55.495847
3.276000,0.979949,55.508323
3.277000,0.979945,55.520799
3.278000,0.979940,55.533275
3.279000,0.979936,55.545751
3.280000,0.979931,55.558227
3.281000,0.979927,55.570703
3.282000,0.979923,55.583180
3.283000,0.979918,55.595656
3.284000,0.979914,55.608132
3.285000,0.979909,55.620608
3.286000,0.979905,55.633084
3.287000,0.979901,55.645560
3.288000,0.979896,55.658036
3.289000,0.979892,55.670513
3.290000,0.979887,55.682989
3.291000,0.979883,55.695465
3.292000,0.979878,55.707941
3.293000,0.979874,55.720417
3.294000,0.979870,55.732893
3.295000,0.979865,55.745369
3.296000,0.979861,55.757846
3.297000,0.979856,55.770322
3.298000,0.979852,55.782798
3.299000,0.979848,55.795274
3.300000,0.979843,55.807750
3.301000,0.979839,55.820226
3.302000,0.979834,55.832702
3.303000,0.979830,55.845179
3.304000,0.979825,55.857655
3.305000,0.979821,55.870131
3.306000,0.979817,55.882607
3.307000,0.979812,55.895083
3.308000,0.979808,55.907559
3.309000,0.979803,55.920035
3.310000,0.979799,55.932512
3.311000,0.979795,55.944988
3.312000,0.979790,55.957464
3.313000,0.979786,55.969940
3.314000,0.979781,55.982416
3.315000,0.979777,55.994892
3.316000,0.979772,56.007368
3.317000,0.979768,56.019845
3.318000,0.979764,56.032321
3.319000,0.979759,56.044797
3.320000,0.979755,56.057273
3.321000,0.979750,56.069749
3.322000,0.979746,56.082225
3.323000,0.979742,56.094701
3.324000,0.979737,56.107178
3.325000,0.979733,56.119654
3.326000,0.979728,56.132130
3.327000,0.979724,56.144606
3.328000,0.979720,56.157082
3.329000,0.979715,56.169558
3.330000,0.979711,56.182034
3.331000,0.979706,56.194511
3.332000,0.979702,56.206987
3.333000,0.979697,56.219463
3.334000,0.979693,56.231939
3.335000,0.979689,56.244415
3.336000,0.979684,56.256891
3.337000,0.979680,56.269367
3.338000,0.979675,56.281844
3.339000,0.979671,56.294320
3.340000,0.979667,56.306796
3.341000,0.979662,56.319272
3.342000,0.979658,56.331748
3.343000,0.979653,56.344224
3.344000,0.979649,56.356700
3.345000,0.979644,56.369177
3.346000,0.979640,56.381653
3.347000,0.979636,56.394129
3.348000,0.979631,56.406605
3.349000,0.979627,56.419081
3.350000,0.979622,56.431557
3.351000,0.979618,56.444033
3.352000,0.979614,56.456510
3.353000,0.979609,56.468986
3.354000,0.979605,56.481462
3.355000,0.979600,56.493938
3.356000,0.979596,56.506414
3.357000,0.979592,56.518890
3.358000,0.979587,56.531366
3.359000,0.979583,56.543842
3.360000,0.979578,56.556319
3.361000,0.979574,56.568795
3.362000,0.979569,56.581271
3.363000,0.979565,56.593747
3.364000,0.979561,56.606223
3.365000,0.979556,56.618699
3.366000,0.979552,56.631175
3.367000,0.979547,56.643652
3.368000,0.979543,56.656128
3.369000,0.979539,56.668604
3.370000,0.979534,56.681080
3.371000,0.979530,56.693556
3.372000,0.979525,56.706032
3.373000,0.979521,56.718508
3.374000,0.979516,56.730985
3.375000,0.979512,56.743461
3.376000,0.979508,56.755937
3.377000,0.979503,56.768413
3.378000,0.979499,56.780889
3.379000,0.979494,56.793365
3.380000,0.979490,56.805841
3.381000,0.979486,56.818318
3.382000,0.979481,56.830794
3.383000,0.979477,56.843270
3.384000,0.979472,56.855746
3.385000,0.979468,56.868222
3.386000,0.979464,56.880698
3.387000,0.979459,56.893174
3.388000,0.979455,56.905651
3.389000,0.979450,56.918127
3.390000,0.979446,56.930603
3.391000,0.979441,56.943079
3.392000,0.979437,56.955555
3.393000,0.979433,56.968031
3.394000,0.979428,56.980507
3.395000,0.979424,56.992984
3.396000,0.979419,57.005460
3.397000,0.979415,57.017936
3.398000,0.979411,57.030412
3.399000,0.979406,57.042888
3.400000,0.979402,57.055364
3.401000,0.979397,57.067840
3.402000,0.979393,57.080317
3.403000,0.979389,57.092793
3.404000,0.979384,57.105269
3.405000,0.979380,57.117745
3.406000,0.979375,57.130221
3.407000,0.979371,57.142697
3.408000,0.979366,57.155173
3.409000,0.979362,57.167650
3.410000,0.979358,57.180126
3.411000,0.979353,57.192602
3.412000,0.979349,57.205078
3.413000,0.979344,57.217554
3.414000,0.979340,57.230030
3.415000,0.979336,57.242506
3.416000,0.979331,57.254983
3.417000,0.979327,57.267459
3.418000,0.979322,57.279935
3.419000,0.979318,57.292411
3.420000,0.979314,57.304887
3.421000,0.979309,57.317363
3.422000,0.979305,57.329839
3.423000,0.979300,57.342316
3.424000,0.979296,57.354792
3.425000,0.979292,57.367268
3.426000,0.979287,57.379744
3.427000,0.979283,57.392220
3.428000,0.979278,57.404696
3.429000,0.979274,57.417172
3.430000,0.979269,57.429649
3.431000,0.979265,57.442125
3.432000,0.979261,57.454601
3.433000,0.979256,57.467077
3.434000,0.979252,57.479553
3.435000,0.979247,57.492029
3.436000,0.979243,57.504505
3.437000,0.979239,57.516982
3.438000,0.979234,57.529458
3.439000,0.979230,57.541934
3.440000,0.979225,57.554410
3.441000,0.979221,57.566886
3.442000,0.979217,57.579362
3.443000,0.979212,57.591838
3.444000,0.979208,57.604315
3.445000,0.979203,57.616791
3.446000,0.979199,57.629267
3.447000,0.979194,57.641743
3.448000,0.979190,57.654219
3.449000,0.979186,57.666695
3.450000,0.979181,57.679171
3.451000,0.979177,57.691648
3.452000,0.979172,57.704124
3.453000,0.979168,57.716600
3.454000,0.979164,57.729076
3.455000,0.979159,57.741552
3.456000,0.979155,57.754028
3.457000,0.979150,57.766504
3.458000,0.979146,57.778981
3.459000,0.979142,57.791457
3.460000,0.979137,57.803933
3.461000,0.979133,57.816409
3.462000,0.979128,57.828885
3.463000,0.979124,57.841361
3.464000,0.979120,57.853837
3.465000,0.979115,57.866314
3.466000,0.979111,57.878790
3.467000,0.979106,57.891266
3.468000,0.979102,57.903742
3.469000,0.979097,57.916218
3.470000,0.979093,57.928694
3.471000,0.979089,57.941170
3.472000,0.979084,57.953647
3.473000,0.979080,57.966123
3.474000,0.979075,57.978599
3.475000,0.979071,57.991075
3.476000,0.979067,58.003551
3.477000,0.979062,58.016027
3.478000,0.979058,58.028503
3.479000,0.979053,58.040980
3.480000,0.979049,58.053456
3.481000,0.979045,58.065932
3.482000,0.979040,58.078408
3.483000,0.979036,58.090884
3.484000,0.979031,58.103360
3.485000,0.979027,58.115836
3.486000,0.979023,58.128313
3.487000,0.979018,58.140789
3.488000,0.979014,58.153265
3.489000,0.979009,58.165741
3.490000,0.979005,58.178217
3.491000,0.979001,58.190693
3.492000,0.978996,58.203169
3.493000,0.978992,58.215646
3.494000,0.978987,58.228122
3.495000,0.978983,58.240598
3.496000,0.978978,58.253074
3.497000,0.978974,58.265550
3.498000,0.978970,58.278026
3.499000,0.978965,58.290502
3.500000,0.978961,58.302979
3.501000,0.978956,58.315455
3.502000,0.978952,58.327931
3.503000,0.978948,58.340407
3.504000,0.978943,58.352883
3.505000,0.978939,58.365359
3.506000,0.978934,58.377835
3.507000,0.978930,58.390312
3.508000,0.978926,58.402788
3.509000,0.978921,58.415264
3.510000,0.978917,58.427740
3.511000,0.978912,58.440216
3.512000,0.978908,58.452692
3.513000,0.978904,58.465168
3.514000,0.978899,58.477644
3.515000,0.978895,58.490121
3.516000,0.978890,58.502597
3.517000,0.978886,58.515073
3.518000,0.978882,58.527549
3.519000,0.978877,58.540025
3.520000,0.978873,58.552501
3.521000,0.978868,58.564977
3.522000,0.978864,58.577454
3.523000,0.978859,58.589930
3.524000,0.978855,58.602406
3.525000,0.978851,58.614882
3.526000,0.978846,58.627358
3.527000,0.978842,58.639834
3.528000,0.978837,58.652310
3.529000,0.978833,58.664787
3.530000,0.978829,58.677263
3.531000,0.978824,58.689739
3.532000,0.978820,58.702215
3.533000,0.978815,58.714691
3.534000,0.978811,58.727167
3.535000,0.978807,58.739643
3.536000,0.978802,58.752120
3.537000,0.978798,58.764596
3.538000,0.978793,58.777072
3.539000,0.978789,58.789548
3.540000,0.978785,58.802024
3.541000,0.978780,58.814500
3.542000,0.978776,58.826976
3.543000,0.978771,58.839453
3.544000,0.978767,58.851929
3.545000,0.978763,58.864405
3.546000,0.978758,58.876881
3.547000,0.978754,58.889357
3.548000,0.978749,58.901833
3.549000,0.978745,58.914309
3.550000,0.978741,58.926786
3.551000,0.978736,58.939262
3.552000,0.978732,58.951738
3.553000,0.978727,58.964214
3.554000,0.978723,58.976690
3.555000,0.978718,58.989166
3.556000,0.978714,59.001642
3.557000,0.978710,59.014119
3.558000,0.978705,59.026595
3.559000,0.978701,59.039071
3.560000,0.978696,59.051547
3.561000,0.978692,59.064023
3.562000,0.978688,59.076499
3.563000,0.978683,59.088975
3.564000,0.978679,59.101452
3.565000,0.978674,59.113928
3.566000,0.978670,59.126404
3.567000,0.978666,59.138880
3.568000,0.978661,59.151356
3.569000,0.978657,59.163832
3.570000,0.978652,59.176308
3.571000,0.978648,59.188785
3.572000,0.978644,59.201261
3.573000,0.978639,59.213737
3.574000,0.978635,59.226213
3.575000,0.978630,59.238689
3.576000,0.978626,59.251165
3.577000,0.978622,59.263641
3.578000,0.978617,59.276118
3.579000,0.978613,59.288594
3.580000,0.978608,59.301070
3.581000,0.978604,59.313546
3.582000,0.978600,59.326022
3.583000,0.978595,59.338498
3.584000,0.978591,59.350974
3.585000,0.978586,59.363451
3.586000,0.978582,59.375927
3.587000,0.978578,59.388403
3.588000,0.978573,59.400879
3.589000,0.978569,59.413355
3.590000,0.978564,59.425831
3.591000,0.978560,59.438307
3.592000,0.978556,59.450784
3.593000,0.978551,59.463260
3.594000,0.978547,59.475736
3.595000,0.978542,59.488212
3.596000,0.978538,59.500688
3.597000,0.978534,59.513164
3.598000,0.978529,59.525640
3.599000,0.978525,59.538117
3.600000,0.978520,59.550593
3.601000,0.978516,59.563069
3.602000,0.978511,59.575545
3.603000,0.978507,59.588021
3.604000,0.978503,59.600497
3.605000,0.978498,59.612973
3.606000,0.978494,59.625450
3.607000,0.978489,59.637926
3.608000,0.978485,59.650402
3.609000,0.978481,59.662878
3.610000,0.978476,59.675354
3.611000,0.978472,59.687830
3.612000,0.978467,59.700306
3.613000,0.978463,59.712783
3.614000,0.978459,59.725259
3.615000,0.978454,59.737735
3.616000,0.978450,59.750211
3.617000,0.978445,59.762687
3.618000,0.978441,59.775163
3.619000,0.978437,59.787639
3.620000,0.978432,59.800116
3.621000,0.978428,59.812592
3.622000,0.978423,59.825068
3.623000,0.978419,59.837544
3.624000,0.978415,59.850020
3.625000,0.978410,59.862496
3.626000,0.978406,59.874972
3.627000,0.978401,59.887449
3.628000,0.978397,59.899925
3.629000,0.978393,59.912401
3.630000,0.978388,59.924877
3.631000,0.978384,59.937353
3.632000,0.978379,59.949829
3.633000,0.978375,59.962305
3.634000,0.978371,59.974782
3.635000,0.978366,59.987258
3.636000,0.978362,59.999734
3.637000,0.978357,60.012210
3.638000,0.978353,60.024686
3.639000,0.978349,60.037162
3.640000,0.978344,60.049638
3.641000,0.978340,60.062115
3.642000,0.978335,60.074591
3.643000,0.978331,60.087067
3.644000,0.978327,60.099543
3.645000,0.978322,60.112019
3.646000,0.978318,60.124495
3.647000,0.978313,60.136971
3.648000,0.978309,60.149448
3.649000,0.978305,60.161924
3.650000,0.978300,60.174400
3.651000,0.978296,60.186876
3.652000,0.978291,60.199352
3.653000,0.978287,60.211828
3.654000,0.978283,60.224304
3.655000,0.978278,60.236781
3.656000,0.978274,60.249257
3.657000,0.978269,60.261733
3.658000,0.978265,60.274209
3.659000,0.978261,60.286685
3.660000,0.978256,60.299161
3.661000,0.978252,60.311637
3.662000,0.978247,60.324114
3.663000,0.978243,60.336590
3.664000,0.978239,60.349066
3.665000,0.978234,60.361542
3.666000,0.978230,60.374018
3.667000,0.978225,60.386494
3.668000,0.978221,60.398970
3.669000,0.978217,60.411446
3.670000,0.978212,60.423923
3.671000,0.978208,60.436399
3.672000,0.978203,60.448875
3.673000,0.978199,60.461351
3.674000,0.978195,60.473827
3.675000,0.978190,60.486303
3.676000,0.978186,60.498779
3.677000,0.978181,60.511256
3.678000,0.978177,60.523732
3.679000,0.978173,60.536208
3.680000,0.978168,60.548684
3.681000,0.978164,60.561160
3.682000,0.978159,60.573636
3.683000,0.978155,60.586112
3.684000,0.978151,60.598589
3.685000,0.978146,60.611065
3.686000,0.978142,60.623541
3.687000,0.978137,60.636017
3.688000,0.978133,60.648493
3.689000,0.978129,60.660969
3.690000,0.978124,60.673445
3.691000,0.978120,60.685922
3.692000,0.978115,60.698398
3.693000,0.978111,60.710874
3.694000,0.978107,60.723350
3.695000,0.978102,60.735826
3.696000,0.978098,60.748302
3.697000,0.978093,60.760778
3.698000,0.978089,60.773255
3.699000,0.978085,60.785731
3.700000,0.978080,60.798207
3.701000,0.978076,60.810683
3.702000,0.978071,60.823159
3.703000,0.978067,60.835635
3.704000,0.978063,60.848111
3.705000,0.978058,60.860588
3.706000,0.978054,60.873064
3.707000,0.978049,60.885540
3.708000,0.978045,60.898016
3.709000,0.978041,60.910492
3.710000,0.978036,60.922968
3.711000,0.978032,60.935444
3.712000,0.978027,60.947921
3.713000,0.978023,60.960397
3.714000,0.978019,60.972873
3.715000,0.978014,60.985349
3.716000,0.978010,60.997825
3.717000,0.978005,61.010301
3.718000,0.978001,61.022777
3.719000,0.977997,61.035254
3.720000,0.977992,61.047730
3.721000,0.977988,61.060206
3.722000,0.977983,61.072682
3.723000,0.977979,61.085158
3.724000,0.977975,61.097634
3.725000,0.977970,61.110110
3.726000,0.977966,61.122587
3.727000,0.977961,61.135063
3.728000,0.977957,61.147539
3.729000,0.977953,61.160015
3.730000,0.977948,61.172491
3.731000,0.977944,61.184967
3.732000,0.977939,61.197443
3.733000,0.977935,61.209920
3.734000,0.977931,61.222396
3.735000,0.977926,61.234872
3.736000,0.977922,61.247348
3.737000,0.977917,61.259824
3.738000,0.977913,61.272300
3.739000,0.977909,61.284776
3.740000,0.977904,61.297253
3.741000,0.977900,61.309729
3.742000,0.977895,61.322205
3.743000,0.977891,61.334681
3.744000,0.977887,61.347157
3.745000,0.977882,61.359633
3.746000,0.977878,61.372109
3.747000,0.977873,61.384586
3.748000,0.977869,61.397062
3.749000,0.977865,61.409538
3.750000,0.977860,61.422014
3.751000,0.977856,61.434490
3.752000,0.977851,61.446966
3.753000,0.977847,61.459442
3.754000,0.977843,61.471919
3.755000,0.977838,61.484395
3.756000,0.977834,61.496871
3.757000,0.977829,61.509347
3.758000,0.977825,61.521823
3.759000,0.977821,61.534299
3.760000,0.977816,61.546775
3.761000,0.977812,61.559252
3.762000,0.977807,61.571728
3.763000,0.977803,61.584204
3.764000,0.977799,61.596680
3.765000,0.977794,61.609156
3.766000,0.977790,61.621632
3.767000,0.977785,61.634108
3.768000,0.977781,61.646585
3.769000,0.977777,61.659061
3.770000,0.977772,61.671537
3.771000,0.977768,61.684013
3.772000,0.977763,61.696489
3.773000,0.977759,61.708965
3.774000,0.977755,61.721441
3.775000,0.977750,61.733918
3.776000,0.977746,61.746394
3.777000,0.977742,61.758870
3.778000,0.977737,61.771346
3.779000,0.977733,61.783822
3.780000,0.977728,61.796298
3.781000,0.977724,61.808774
3.782000,0.977720,61.821251
3.783000,0.977715,61.833727
3.784000,0.977711,61.846203
3.785000,0.977706,61.858679
3.786000,0.977702,61.871155
3.787000,0.977698,61.883631
3.788000,0.977693,61.896107
3.789000,0.977689,61.908584
3.790000,0.977684,61.921060
3.791000,0.977680,61.933536
3.792000,0.977676,61.946012
3.793000,0.977671,61.958488
3.794000,0.977667,61.970964
3.795000,0.977662,61.983440
3.796000,0.977658,61.995917
3.797000,0.977654,62.008393
3.798000,0.977649,62.020869
3.799000,0.977645,62.033345
3.800000,0.977640,62.045821
3.801000,0.977636,62.058297
3.802000,0.977632,62.070773
3.803000,0.977627,62.083250
3.804000,0.977623,62.095726
3.805000,0.977618,62.108202
3.806000,0.977614,62.120678
3.807000,0.977610,62.133154
3.808000,0.977605,62.145630
3.809000,0.977601,62.158106
3.810000,0.977596,62.170583
3.811000,0.977592,62.183059
3.812000,0.977588,62.195535
3.813000,0.977583,62.208011
3.814000,0.977579,62.220487
3.815000,0.977574,62.232963
3.816000,0.977570,62.245439
3.817000,0.977566,62.257916
3.818000,0.977561,62.270392
3.819000,0.977557,62.282868
3.820000,0.977553,62.295344
3.821000,0.977548,62.307820
3.822000,0.977544,62.320296
3.823000,0.977539,62.332772
3.824000,0.977535,62.345248
3.825000,0.977531,62.357725
3.826000,0.977526,62.370201
3.827000,0.977522,62.382677
3.828000,0.977517,62.395153
3.829000,0.977513,62.407629
3.830000,0.977509,62.420105
3.831000,0.977504,62.432581
3.832000,0.977500,62.445058
3.833000,0.977495,62.457534
3.834000,0.977491,62.470010
3.835000,0.977487,62.482486
3.836000,0.977482,62.494962
3.837000,0.977478,62.507438
3.838000,0.977473,62.519914
3.839000,0.977469,62.532391
3.840000,0.977465,62.544867
3.841000,0.977460,62.557343
3.842000,0.977456,62.569819
3.843000,0.977451,62.582295
3.844000,0.977447,62.594771
3.845000,0.977443,62.607247
3.846000,0.977438,62.619724
3.847000,0.977434,62.632200
3.848000,0.977429,62.644676
3.849000,0.977425,62.657152
3.850000,0.977421,62.669628
3.851000,0.977416,62.682104
3.852000,0.977412,62.694580
3.853000,0.977407,62.707057
3.854000,0.977403,62.719533
3.855000,0.977399,62.732009
3.856000,0.977394,62.744485
3.857000,0.977390,62.756961
3.858000,0.977386,62.769437
3.859000,0.977381,62.781913
3.860000,0.977377,62.794390
3.861000,0.977372,62.806866
3.862000,0.977368,62.819342
3.863000,0.977364,62.831818
3.864000,0.977359,62.844294
3.865000,0.977355,62.856770
3.866000,0.977350,62.869246
3.867000,0.977346,62.881723
3.868000,0.977342,62.894199
3.869000,0.977337,62.906675
3.870000,0.977333,62.919151
3.871000,0.977328,62.931627
3.872000,0.977324,62.944103
3.873000,0.977320,62.956579
3.874000,0.977315,62.969056
3.875000,0.977311,62.981532
3.876000,0.977306,62.994008
3.877000,0.977302,63.006484
3.878000,0.977298,63.018960
3.879000,0.977293,63.031436
3.880000,0.977289,63.043912
3.881000,0.977284,63.056389
3.882000,0.977280,63.068865
3.883000,0.977276,63.081341
3.884000,0.977271,63.093817
3.885000,0.977267,63.106293
3.886000,0.977263,63.118769
3.887000,0.977258,63.131245
3.888000,0.977254,63.143722
3.889000,0.977249,63.156198
3.890000,0.977245,63.168674
3.891000,0.977241,63.181150
3.892000,0.977236,63.193626
3.893000,0.977232,63.206102
3.894000,0.977227,63.218578
3.895000,0.977223,63.231055
3.896000,0.977219,63.243531
3.897000,0.977214,63.256007
3.898000,0.977210,63.268483
3.899000,0.977205,63.280959
3.900000,0.977201,63.293435
3.901000,0.977197,63.305911
3.902000,0.977192,63.318388
3.903000,0.977188,63.330864
3.904000,0.977183,63.343340
3.905000,0.977179,63.355816
3.906000,0.977175,63.368292
3.907000,0.977170,63.380768
3.908000,0.977166,63.393244
3.909000,0.977162,63.405721
3.910000,0.977157,63.418197
3.911000,0.977153,63.430673
3.912000,0.977148,63.443149
3.913000,0.977144,63.455625
3.914000,0.977140,63.468101
3.915000,0.977135,63.480577
3.916000,0.977131,63.493054
3.917000,0.977126,63.505530
3.918000,0.977122,63.518006
3.919000,0.977118,63.530482
3.920000,0.977113,63.542958
3.921000,0.977109,63.555434
3.922000,0.977104,63.567910
3.923000,0.977100,63.580387
3.924000,0.977096,63.592863
3.925000,0.977091,63.605339
3.926000,0.977087,63.617815
3.927000,0.977082,63.630291
3.928000,0.977078,63.642767
3.929000,0.977074,63.655243
3.930000,0.977069,63.667720
3.931000,0.977065,63.680196
3.932000,0.977061,63.692672
3.933000,0.977056,63.705148
3.934000,0.977052,63.717624
3.935000,0.977047,63.730100
3.936000,0.977043,63.742576
3.937000,0.977039,63.755053
3.938000,0.977034,63.767529
3.939000,0.977030,63.780005
3.940000,0.977025,63.792481
3.941000,0.977021,63.804957
3.942000,0.977017,63.817433
3.943000,0.977012,63.829909
3.944000,0.977008,63.842386
3.945000,0.977003,63.854862
3.946000,0.976999,63.867338
3.947000,0.976995,63.879814
3.948000,0.976990,63.892290
3.949000,0.976986,63.904766
3.950000,0.976982,63.917242
3.951000,0.976977,63.929719
3.952000,0.976973,63.942195
3.953000,0.976968,63.954671
3.954000,0.976964,63.967147
3.955000,0.976960,63.979623
3.956000,0.976955,63.992099
3.957000,0.976951,64.004575
3.958000,0.976946,64.017052
3.959000,0.976942,64.029528
3.960000,0.976938,64.042004
3.961000,0.976933,64.054480
3.962000,0.976929,64.066956
3.963000,0.976924,64.079432
3.964000,0.976920,64.091908
3.965000,0.976916,64.104385
3.966000,0.976911,64.116861
3.967000,0.976907,64.129337
3.968000,0.976903,64.141813
3.969000,0.976898,64.154289
3.970000,0.976894,64.166765
3.971000,0.976889,64.179241
3.972000,0.976885,64.191718
3.973000,0.976881,64.204194
3.974000,0.976876,64.216670
3.975000,0.976872,64.229146
3.976000,0.976867,64.241622
3.977000,0.976863,64.254098
3.978000,0.976859,64.266574
3.979000,0.976854,64.279050
3.980000,0.976850,64.291527
3.981000,0.976845,64.304003
3.982000,0.976841,64.316479
3.983000,0.976837,64.328955
3.984000,0.976832,64.341431
3.985000,0.976828,64.353907
3.986000,0.976824,64.366383
3.987000,0.976819,64.378860
3.988000,0.976815,64.391336
3.989000,0.976810,64.403812
3.990000,0.976806,64.416288
3.991000,0.976802,64.428764
3.992000,0.976797,64.441240
3.993000,0.976793,64.453716
3.994000,0.976788,64.466193
3.995000,0.976784,64.478669
3.996000,0.976780,64.491145
3.997000,0.976775,64.503621
3.998000,0.976771,64.516097
3.999000,0.976766,64.528573
4.000000,0.976762,64.541049
